       1.0000        0.86612    
       1.0020        0.86508    
       1.0040        0.86404    
       1.0061        0.86302    
       1.0081        0.86200    
       1.0101        0.86100    
       1.0121        0.86000    
       1.0141        0.85901    
       1.0162        0.85804    
       1.0182        0.85707    
       1.0202        0.85611    
       1.0222        0.85516    
       1.0242        0.85422    
       1.0263        0.85329    
       1.0283        0.85236    
       1.0303        0.85145    
       1.0323        0.85054    
       1.0343        0.84965    
       1.0364        0.84876    
       1.0384        0.84788    
       1.0404        0.84701    
       1.0424        0.84615    
       1.0444        0.84530    
       1.0465        0.84446    
       1.0485        0.84362    
       1.0505        0.84279    
       1.0525        0.84198    
       1.0545        0.84117    
       1.0566        0.84036    
       1.0586        0.83957    
       1.0606        0.83879    
       1.0626        0.83801    
       1.0646        0.83724    
       1.0667        0.83648    
       1.0687        0.83573    
       1.0707        0.83498    
       1.0727        0.83425    
       1.0747        0.83352    
       1.0768        0.83280    
       1.0788        0.83208    
       1.0808        0.83138    
       1.0828        0.83068    
       1.0848        0.82999    
       1.0869        0.82931    
       1.0889        0.82864    
       1.0909        0.82797    
       1.0929        0.82731    
       1.0949        0.82666    
       1.0970        0.82601    
       1.0990        0.82537    
       1.1010        0.82474    
       1.1030        0.82412    
       1.1051        0.82351    
       1.1071        0.82290    
       1.1091        0.82230    
       1.1111        0.82170    
       1.1131        0.82111    
       1.1152        0.82053    
       1.1172        0.81996    
       1.1192        0.81939    
       1.1212        0.81883    
       1.1232        0.81828    
       1.1253        0.81773    
       1.1273        0.81719    
       1.1293        0.81666    
       1.1313        0.81613    
       1.1333        0.81561    
       1.1354        0.81510    
       1.1374        0.81459    
       1.1394        0.81409    
       1.1414        0.81360    
       1.1434        0.81311    
       1.1455        0.81263    
       1.1475        0.81215    
       1.1495        0.81168    
       1.1515        0.81122    
       1.1535        0.81076    
       1.1556        0.81031    
       1.1576        0.80986    
       1.1596        0.80943    
       1.1616        0.80899    
       1.1636        0.80856    
       1.1657        0.80814    
       1.1677        0.80772    
       1.1697        0.80731    
       1.1717        0.80691    
       1.1737        0.80651    
       1.1758        0.80611    
       1.1778        0.80572    
       1.1798        0.80534    
       1.1818        0.80496    
       1.1838        0.80459    
       1.1859        0.80422    
       1.1879        0.80386    
       1.1899        0.80350    
       1.1919        0.80315    
       1.1939        0.80280    
       1.1960        0.80246    
       1.1980        0.80213    
       1.2000        0.80179    
       1.2000        0.80179    
       1.2020        0.80147    
       1.2040        0.80114    
       1.2061        0.80083    
       1.2081        0.80051    
       1.2101        0.80020    
       1.2121        0.79990    
       1.2141        0.79960    
       1.2162        0.79931    
       1.2182        0.79902    
       1.2202        0.79873    
       1.2222        0.79845    
       1.2242        0.79817    
       1.2263        0.79790    
       1.2283        0.79763    
       1.2303        0.79737    
       1.2323        0.79711    
       1.2343        0.79685    
       1.2364        0.79660    
       1.2384        0.79636    
       1.2404        0.79611    
       1.2424        0.79587    
       1.2444        0.79564    
       1.2465        0.79540    
       1.2485        0.79518    
       1.2505        0.79495    
       1.2525        0.79473    
       1.2545        0.79451    
       1.2566        0.79430    
       1.2586        0.79409    
       1.2606        0.79388    
       1.2626        0.79368    
       1.2646        0.79348    
       1.2667        0.79328    
       1.2687        0.79309    
       1.2707        0.79290    
       1.2727        0.79271    
       1.2747        0.79253    
       1.2768        0.79235    
       1.2788        0.79217    
       1.2808        0.79199    
       1.2828        0.79182    
       1.2848        0.79165    
       1.2869        0.79149    
       1.2889        0.79132    
       1.2909        0.79116    
       1.2929        0.79101    
       1.2949        0.79085    
       1.2970        0.79070    
       1.2990        0.79055    
       1.3010        0.79040    
       1.3030        0.79026    
       1.3051        0.79011    
       1.3071        0.78997    
       1.3091        0.78984    
       1.3111        0.78970    
       1.3131        0.78957    
       1.3152        0.78944    
       1.3172        0.78931    
       1.3192        0.78918    
       1.3212        0.78906    
       1.3232        0.78893    
       1.3253        0.78881    
       1.3273        0.78869    
       1.3293        0.78858    
       1.3313        0.78846    
       1.3333        0.78835    
       1.3354        0.78824    
       1.3374        0.78813    
       1.3394        0.78802    
       1.3414        0.78791    
       1.3434        0.78780    
       1.3455        0.78770    
       1.3475        0.78760    
       1.3495        0.78750    
       1.3515        0.78740    
       1.3535        0.78730    
       1.3556        0.78720    
       1.3576        0.78710    
       1.3596        0.78701    
       1.3616        0.78691    
       1.3636        0.78682    
       1.3657        0.78673    
       1.3677        0.78664    
       1.3697        0.78654    
       1.3717        0.78645    
       1.3737        0.78637    
       1.3758        0.78628    
       1.3778        0.78619    
       1.3798        0.78610    
       1.3818        0.78602    
       1.3838        0.78593    
       1.3859        0.78585    
       1.3879        0.78576    
       1.3899        0.78568    
       1.3919        0.78559    
       1.3939        0.78551    
       1.3960        0.78543    
       1.3980        0.78534    
       1.4000        0.78526    
       1.4000        0.78526    
       1.4020        0.78518    
       1.4040        0.78509    
       1.4061        0.78501    
       1.4081        0.78493    
       1.4101        0.78484    
       1.4121        0.78476    
       1.4141        0.78468    
       1.4162        0.78459    
       1.4182        0.78451    
       1.4202        0.78442    
       1.4222        0.78434    
       1.4242        0.78425    
       1.4263        0.78417    
       1.4283        0.78408    
       1.4303        0.78400    
       1.4323        0.78391    
       1.4343        0.78382    
       1.4364        0.78373    
       1.4384        0.78364    
       1.4404        0.78355    
       1.4424        0.78346    
       1.4444        0.78337    
       1.4465        0.78328    
       1.4485        0.78318    
       1.4505        0.78309    
       1.4525        0.78299    
       1.4545        0.78289    
       1.4566        0.78279    
       1.4586        0.78269    
       1.4606        0.78259    
       1.4626        0.78249    
       1.4646        0.78239    
       1.4667        0.78228    
       1.4687        0.78217    
       1.4707        0.78207    
       1.4727        0.78196    
       1.4747        0.78185    
       1.4768        0.78173    
       1.4788        0.78162    
       1.4808        0.78150    
       1.4828        0.78138    
       1.4848        0.78126    
       1.4869        0.78114    
       1.4889        0.78101    
       1.4909        0.78089    
       1.4929        0.78076    
       1.4949        0.78063    
       1.4970        0.78050    
       1.4990        0.78036    
       1.5010        0.78022    
       1.5030        0.78009    
       1.5051        0.77994    
       1.5071        0.77980    
       1.5091        0.77965    
       1.5111        0.77950    
       1.5131        0.77935    
       1.5152        0.77920    
       1.5172        0.77904    
       1.5192        0.77888    
       1.5212        0.77872    
       1.5232        0.77855    
       1.5253        0.77839    
       1.5273        0.77821    
       1.5293        0.77804    
       1.5313        0.77786    
       1.5333        0.77768    
       1.5354        0.77750    
       1.5374        0.77732    
       1.5394        0.77713    
       1.5414        0.77693    
       1.5434        0.77674    
       1.5455        0.77654    
       1.5475        0.77634    
       1.5495        0.77613    
       1.5515        0.77592    
       1.5535        0.77571    
       1.5556        0.77549    
       1.5576        0.77527    
       1.5596        0.77505    
       1.5616        0.77482    
       1.5636        0.77459    
       1.5657        0.77436    
       1.5677        0.77412    
       1.5697        0.77387    
       1.5717        0.77363    
       1.5737        0.77338    
       1.5758        0.77312    
       1.5778        0.77286    
       1.5798        0.77260    
       1.5818        0.77233    
       1.5838        0.77206    
       1.5859        0.77179    
       1.5879        0.77151    
       1.5899        0.77122    
       1.5919        0.77093    
       1.5939        0.77064    
       1.5960        0.77034    
       1.5980        0.77004    
       1.6000        0.76973    
       1.6000        0.76973    
       1.6020        0.76942    
       1.6040        0.76911    
       1.6061        0.76878    
       1.6081        0.76846    
       1.6101        0.76813    
       1.6121        0.76779    
       1.6141        0.76745    
       1.6162        0.76711    
       1.6182        0.76676    
       1.6202        0.76640    
       1.6222        0.76604    
       1.6242        0.76567    
       1.6263        0.76530    
       1.6283        0.76492    
       1.6303        0.76454    
       1.6323        0.76415    
       1.6343        0.76376    
       1.6364        0.76336    
       1.6384        0.76296    
       1.6404        0.76255    
       1.6424        0.76214    
       1.6444        0.76171    
       1.6465        0.76129    
       1.6485        0.76086    
       1.6505        0.76042    
       1.6525        0.75997    
       1.6545        0.75952    
       1.6566        0.75907    
       1.6586        0.75861    
       1.6606        0.75814    
       1.6626        0.75766    
       1.6646        0.75718    
       1.6667        0.75670    
       1.6687        0.75620    
       1.6707        0.75571    
       1.6727        0.75520    
       1.6747        0.75469    
       1.6768        0.75417    
       1.6788        0.75364    
       1.6808        0.75311    
       1.6828        0.75258    
       1.6848        0.75203    
       1.6869        0.75148    
       1.6889        0.75092    
       1.6909        0.75036    
       1.6929        0.74979    
       1.6949        0.74921    
       1.6970        0.74862    
       1.6990        0.74803    
       1.7010        0.74743    
       1.7030        0.74682    
       1.7051        0.74621    
       1.7071        0.74559    
       1.7091        0.74496    
       1.7111        0.74432    
       1.7131        0.74368    
       1.7152        0.74303    
       1.7172        0.74237    
       1.7192        0.74171    
       1.7212        0.74104    
       1.7232        0.74036    
       1.7253        0.73967    
       1.7273        0.73897    
       1.7293        0.73827    
       1.7313        0.73756    
       1.7333        0.73684    
       1.7354        0.73612    
       1.7374        0.73538    
       1.7394        0.73464    
       1.7414        0.73389    
       1.7434        0.73313    
       1.7455        0.73236    
       1.7475        0.73159    
       1.7495        0.73081    
       1.7515        0.73002    
       1.7535        0.72922    
       1.7556        0.72841    
       1.7576        0.72759    
       1.7596        0.72677    
       1.7616        0.72594    
       1.7636        0.72509    
       1.7657        0.72424    
       1.7677        0.72339    
       1.7697        0.72252    
       1.7717        0.72164    
       1.7737        0.72076    
       1.7758        0.71986    
       1.7778        0.71896    
       1.7798        0.71805    
       1.7818        0.71713    
       1.7838        0.71620    
       1.7859        0.71526    
       1.7879        0.71431    
       1.7899        0.71336    
       1.7919        0.71239    
       1.7939        0.71142    
       1.7960        0.71043    
       1.7980        0.70944    
       1.8000        0.70843    
       1.8000        0.70843    
       1.8020        0.70742    
       1.8040        0.70640    
       1.8061        0.70537    
       1.8081        0.70433    
       1.8101        0.70328    
       1.8121        0.70222    
       1.8141        0.70115    
       1.8162        0.70007    
       1.8182        0.69898    
       1.8202        0.69788    
       1.8222        0.69677    
       1.8242        0.69565    
       1.8263        0.69452    
       1.8283        0.69338    
       1.8303        0.69223    
       1.8323        0.69107    
       1.8343        0.68990    
       1.8364        0.68872    
       1.8384        0.68753    
       1.8404        0.68632    
       1.8424        0.68511    
       1.8444        0.68389    
       1.8465        0.68266    
       1.8485        0.68142    
       1.8505        0.68016    
       1.8525        0.67890    
       1.8545        0.67762    
       1.8566        0.67634    
       1.8586        0.67504    
       1.8606        0.67373    
       1.8626        0.67241    
       1.8646        0.67108    
       1.8667        0.66974    
       1.8687        0.66839    
       1.8707        0.66703    
       1.8727        0.66566    
       1.8747        0.66427    
       1.8768        0.66288    
       1.8788        0.66147    
       1.8808        0.66005    
       1.8828        0.65862    
       1.8848        0.65718    
       1.8869        0.65573    
       1.8889        0.65426    
       1.8909        0.65279    
       1.8929        0.65130    
       1.8949        0.64980    
       1.8970        0.64829    
       1.8990        0.64677    
       1.9010        0.64523    
       1.9030        0.64369    
       1.9051        0.64213    
       1.9071        0.64056    
       1.9091        0.63898    
       1.9111        0.63738    
       1.9131        0.63578    
       1.9152        0.63416    
       1.9172        0.63253    
       1.9192        0.63088    
       1.9212        0.62923    
       1.9232        0.62756    
       1.9253        0.62588    
       1.9273        0.62419    
       1.9293        0.62248    
       1.9313        0.62077    
       1.9333        0.61904    
       1.9354        0.61729    
       1.9374        0.61554    
       1.9394        0.61377    
       1.9414        0.61199    
       1.9434        0.61020    
       1.9455        0.60839    
       1.9475        0.60657    
       1.9495        0.60474    
       1.9515        0.60289    
       1.9535        0.60104    
       1.9556        0.59916    
       1.9576        0.59728    
       1.9596        0.59538    
       1.9616        0.59347    
       1.9636        0.59155    
       1.9657        0.58961    
       1.9677        0.58766    
       1.9697        0.58569    
       1.9717        0.58372    
       1.9737        0.58172    
       1.9758        0.57972    
       1.9778        0.57770    
       1.9798        0.57567    
       1.9818        0.57362    
       1.9838        0.57156    
       1.9859        0.56949    
       1.9879        0.56740    
       1.9899        0.56530    
       1.9919        0.56318    
       1.9939        0.56105    
       1.9960        0.55891    
       1.9980        0.55675    
       2.0000        0.55458    
  
       2.0000        0.55458    
       2.0020        0.55167    
       2.0040        0.54879    
       2.0061        0.54594    
       2.0081        0.54312    
       2.0101        0.54034    
       2.0121        0.53759    
       2.0141        0.53486    
       2.0162        0.53217    
       2.0182        0.52951    
       2.0202        0.52689    
       2.0222        0.52429    
       2.0242        0.52172    
       2.0263        0.51919    
       2.0283        0.51668    
       2.0303        0.51421    
       2.0323        0.51177    
       2.0343        0.50935    
       2.0364        0.50697    
       2.0384        0.50462    
       2.0404        0.50229    
       2.0424        0.50000    
       2.0444        0.49773    
       2.0465        0.49550    
       2.0485        0.49329    
       2.0505        0.49111    
       2.0525        0.48897    
       2.0545        0.48685    
       2.0566        0.48476    
       2.0586        0.48270    
       2.0606        0.48066    
       2.0626        0.47866    
       2.0646        0.47668    
       2.0667        0.47473    
       2.0687        0.47281    
       2.0707        0.47092    
       2.0727        0.46905    
       2.0747        0.46722    
       2.0768        0.46541    
       2.0788        0.46362    
       2.0808        0.46187    
       2.0828        0.46014    
       2.0848        0.45844    
       2.0869        0.45676    
       2.0889        0.45511    
       2.0909        0.45349    
       2.0929        0.45190    
       2.0949        0.45033    
       2.0970        0.44878    
       2.0990        0.44727    
       2.1010        0.44578    
       2.1030        0.44431    
       2.1051        0.44287    
       2.1071        0.44146    
       2.1091        0.44007    
       2.1111        0.43870    
       2.1131        0.43736    
       2.1152        0.43605    
       2.1172        0.43476    
       2.1192        0.43350    
       2.1212        0.43226    
       2.1232        0.43104    
       2.1253        0.42985    
       2.1273        0.42868    
       2.1293        0.42754    
       2.1313        0.42642    
       2.1333        0.42532    
       2.1354        0.42425    
       2.1374        0.42320    
       2.1394        0.42218    
       2.1414        0.42118    
       2.1434        0.42020    
       2.1455        0.41924    
       2.1475        0.41831    
       2.1495        0.41740    
       2.1515        0.41651    
       2.1535        0.41565    
       2.1556        0.41480    
       2.1576        0.41398    
       2.1596        0.41318    
       2.1616        0.41241    
       2.1636        0.41165    
       2.1657        0.41092    
       2.1677        0.41021    
       2.1697        0.40951    
       2.1717        0.40885    
       2.1737        0.40820    
       2.1758        0.40757    
       2.1778        0.40696    
       2.1798        0.40638    
       2.1818        0.40581    
       2.1838        0.40527    
       2.1859        0.40474    
       2.1879        0.40424    
       2.1899        0.40376    
       2.1919        0.40329    
       2.1939        0.40285    
       2.1960        0.40242    
       2.1980        0.40202    
       2.2000        0.40163    
       2.2000        0.40163    
       2.2020        0.40127    
       2.2040        0.40092    
       2.2061        0.40059    
       2.2081        0.40028    
       2.2101        0.39999    
       2.2121        0.39972    
       2.2141        0.39946    
       2.2162        0.39923    
       2.2182        0.39901    
       2.2202        0.39881    
       2.2222        0.39863    
       2.2242        0.39847    
       2.2263        0.39832    
       2.2283        0.39820    
       2.2303        0.39809    
       2.2323        0.39799    
       2.2343        0.39792    
       2.2364        0.39786    
       2.2384        0.39782    
       2.2404        0.39779    
       2.2424        0.39778    
       2.2444        0.39779    
       2.2465        0.39782    
       2.2485        0.39786    
       2.2505        0.39791    
       2.2525        0.39799    
       2.2545        0.39807    
       2.2566        0.39818    
       2.2586        0.39830    
       2.2606        0.39843    
       2.2626        0.39858    
       2.2646        0.39875    
       2.2667        0.39893    
       2.2687        0.39913    
       2.2707        0.39934    
       2.2727        0.39956    
       2.2747        0.39980    
       2.2768        0.40006    
       2.2788        0.40033    
       2.2808        0.40061    
       2.2828        0.40091    
       2.2848        0.40122    
       2.2869        0.40154    
       2.2889        0.40188    
       2.2909        0.40223    
       2.2929        0.40260    
       2.2949        0.40297    
       2.2970        0.40337    
       2.2990        0.40377    
       2.3010        0.40419    
       2.3030        0.40462    
       2.3051        0.40506    
       2.3071        0.40551    
       2.3091        0.40598    
       2.3111        0.40646    
       2.3131        0.40695    
       2.3152        0.40746    
       2.3172        0.40797    
       2.3192        0.40850    
       2.3212        0.40904    
       2.3232        0.40959    
       2.3253        0.41015    
       2.3273        0.41072    
       2.3293        0.41130    
       2.3313        0.41190    
       2.3333        0.41250    
       2.3354        0.41312    
       2.3374        0.41374    
       2.3394        0.41438    
       2.3414        0.41502    
       2.3434        0.41568    
       2.3455        0.41635    
       2.3475        0.41702    
       2.3495        0.41771    
       2.3515        0.41840    
       2.3535        0.41911    
       2.3556        0.41982    
       2.3576        0.42054    
       2.3596        0.42128    
       2.3616        0.42202    
       2.3636        0.42277    
       2.3657        0.42353    
       2.3677        0.42429    
       2.3697        0.42507    
       2.3717        0.42585    
       2.3737        0.42664    
       2.3758        0.42744    
       2.3778        0.42825    
       2.3798        0.42907    
       2.3818        0.42989    
       2.3838        0.43072    
       2.3859        0.43156    
       2.3879        0.43240    
       2.3899        0.43325    
       2.3919        0.43411    
       2.3939        0.43498    
       2.3960        0.43585    
       2.3980        0.43673    
       2.4000        0.43761    
       2.4000        0.43761    
       2.4020        0.43850    
       2.4040        0.43940    
       2.4061        0.44031    
       2.4081        0.44121    
       2.4101        0.44213    
       2.4121        0.44305    
       2.4141        0.44398    
       2.4162        0.44491    
       2.4182        0.44584    
       2.4202        0.44679    
       2.4222        0.44773    
       2.4242        0.44868    
       2.4263        0.44964    
       2.4283        0.45060    
       2.4303        0.45157    
       2.4323        0.45254    
       2.4343        0.45351    
       2.4364        0.45449    
       2.4384        0.45547    
       2.4404        0.45645    
       2.4424        0.45744    
       2.4444        0.45844    
       2.4465        0.45943    
       2.4485        0.46043    
       2.4505        0.46143    
       2.4525        0.46244    
       2.4545        0.46345    
       2.4566        0.46446    
       2.4586        0.46547    
       2.4606        0.46649    
       2.4626        0.46750    
       2.4646        0.46852    
       2.4667        0.46955    
       2.4687        0.47057    
       2.4707        0.47160    
       2.4727        0.47263    
       2.4747        0.47365    
       2.4768        0.47469    
       2.4788        0.47572    
       2.4808        0.47675    
       2.4828        0.47778    
       2.4848        0.47882    
       2.4869        0.47986    
       2.4889        0.48089    
       2.4909        0.48193    
       2.4929        0.48297    
       2.4949        0.48400    
       2.4970        0.48504    
       2.4990        0.48608    
       2.5010        0.48711    
       2.5030        0.48815    
       2.5051        0.48919    
       2.5071        0.49022    
       2.5091        0.49126    
       2.5111        0.49229    
       2.5131        0.49333    
       2.5152        0.49436    
       2.5172        0.49539    
       2.5192        0.49642    
       2.5212        0.49745    
       2.5232        0.49848    
       2.5253        0.49950    
       2.5273        0.50052    
       2.5293        0.50154    
       2.5313        0.50256    
       2.5333        0.50358    
       2.5354        0.50459    
       2.5374        0.50560    
       2.5394        0.50661    
       2.5414        0.50762    
       2.5434        0.50862    
       2.5455        0.50962    
       2.5475        0.51062    
       2.5495        0.51161    
       2.5515        0.51260    
       2.5535        0.51359    
       2.5556        0.51457    
       2.5576        0.51555    
       2.5596        0.51653    
       2.5616        0.51750    
       2.5636        0.51846    
       2.5657        0.51943    
       2.5677        0.52038    
       2.5697        0.52134    
       2.5717        0.52229    
       2.5737        0.52323    
       2.5758        0.52417    
       2.5778        0.52510    
       2.5798        0.52603    
       2.5818        0.52695    
       2.5838        0.52787    
       2.5859        0.52878    
       2.5879        0.52968    
       2.5899        0.53058    
       2.5919        0.53148    
       2.5939        0.53236    
       2.5960        0.53324    
       2.5980        0.53412    
       2.6000        0.53499    
       2.6000        0.53499    
       2.6020        0.53585    
       2.6040        0.53670    
       2.6061        0.53755    
       2.6081        0.53839    
       2.6101        0.53922    
       2.6121        0.54004    
       2.6141        0.54086    
       2.6162        0.54167    
       2.6182        0.54247    
       2.6202        0.54327    
       2.6222        0.54405    
       2.6242        0.54483    
       2.6263        0.54560    
       2.6283        0.54636    
       2.6303        0.54711    
       2.6323        0.54786    
       2.6343        0.54859    
       2.6364        0.54932    
       2.6384        0.55004    
       2.6404        0.55074    
       2.6424        0.55144    
       2.6444        0.55213    
       2.6465        0.55281    
       2.6485        0.55348    
       2.6505        0.55414    
       2.6525        0.55479    
       2.6545        0.55543    
       2.6566        0.55606    
       2.6586        0.55667    
       2.6606        0.55728    
       2.6626        0.55788    
       2.6646        0.55847    
       2.6667        0.55904    
       2.6687        0.55961    
       2.6707        0.56016    
       2.6727        0.56070    
       2.6747        0.56123    
       2.6768        0.56175    
       2.6788        0.56226    
       2.6808        0.56275    
       2.6828        0.56323    
       2.6848        0.56371    
       2.6869        0.56416    
       2.6889        0.56461    
       2.6909        0.56504    
       2.6929        0.56547    
       2.6949        0.56587    
       2.6970        0.56627    
       2.6990        0.56665    
       2.7010        0.56702    
       2.7030        0.56738    
       2.7051        0.56772    
       2.7071        0.56805    
       2.7091        0.56836    
       2.7111        0.56866    
       2.7131        0.56895    
       2.7152        0.56922    
       2.7172        0.56948    
       2.7192        0.56973    
       2.7212        0.56996    
       2.7232        0.57017    
       2.7253        0.57037    
       2.7273        0.57056    
       2.7293        0.57073    
       2.7313        0.57088    
       2.7333        0.57102    
       2.7354        0.57115    
       2.7374        0.57126    
       2.7394        0.57135    
       2.7414        0.57143    
       2.7434        0.57149    
       2.7455        0.57154    
       2.7475        0.57157    
       2.7495        0.57158    
       2.7515        0.57158    
       2.7535        0.57156    
       2.7556        0.57152    
       2.7576        0.57147    
       2.7596        0.57139    
       2.7616        0.57131    
       2.7636        0.57120    
       2.7657        0.57108    
       2.7677        0.57094    
       2.7697        0.57078    
       2.7717        0.57061    
       2.7737        0.57041    
       2.7758        0.57020    
       2.7778        0.56997    
       2.7798        0.56972    
       2.7818        0.56946    
       2.7838        0.56917    
       2.7859        0.56887    
       2.7879        0.56855    
       2.7899        0.56821    
       2.7919        0.56785    
       2.7939        0.56747    
       2.7960        0.56707    
       2.7980        0.56665    
       2.8000        0.56621    
       2.8000        0.56621    
       2.8020        0.56575    
       2.8040        0.56527    
       2.8061        0.56478    
       2.8081        0.56426    
       2.8101        0.56372    
       2.8121        0.56316    
       2.8141        0.56258    
       2.8162        0.56198    
       2.8182        0.56136    
       2.8202        0.56072    
       2.8222        0.56006    
       2.8242        0.55937    
       2.8263        0.55867    
       2.8283        0.55794    
       2.8303        0.55719    
       2.8323        0.55642    
       2.8343        0.55563    
       2.8364        0.55482    
       2.8384        0.55398    
       2.8404        0.55312    
       2.8424        0.55224    
       2.8444        0.55134    
       2.8465        0.55041    
       2.8485        0.54946    
       2.8505        0.54849    
       2.8525        0.54750    
       2.8545        0.54648    
       2.8566        0.54544    
       2.8586        0.54437    
       2.8606        0.54328    
       2.8626        0.54217    
       2.8646        0.54104    
       2.8667        0.53988    
       2.8687        0.53869    
       2.8707        0.53748    
       2.8727        0.53625    
       2.8747        0.53499    
       2.8768        0.53371    
       2.8788        0.53241    
       2.8808        0.53107    
       2.8828        0.52972    
       2.8848        0.52834    
       2.8869        0.52693    
       2.8889        0.52550    
       2.8909        0.52404    
       2.8929        0.52256    
       2.8949        0.52105    
       2.8970        0.51951    
       2.8990        0.51795    
       2.9010        0.51636    
       2.9030        0.51475    
       2.9051        0.51311    
       2.9071        0.51144    
       2.9091        0.50975    
       2.9111        0.50803    
       2.9131        0.50628    
       2.9152        0.50451    
       2.9172        0.50271    
       2.9192        0.50088    
       2.9212        0.49902    
       2.9232        0.49714    
       2.9253        0.49523    
       2.9273        0.49329    
       2.9293        0.49132    
       2.9313        0.48932    
       2.9333        0.48730    
       2.9354        0.48524    
       2.9374        0.48316    
       2.9394        0.48105    
       2.9414        0.47891    
       2.9434        0.47675    
       2.9455        0.47455    
       2.9475        0.47232    
       2.9495        0.47007    
       2.9515        0.46778    
       2.9535        0.46547    
       2.9556        0.46312    
       2.9576        0.46075    
       2.9596        0.45834    
       2.9616        0.45591    
       2.9636        0.45344    
       2.9657        0.45095    
       2.9677        0.44842    
       2.9697        0.44587    
       2.9717        0.44328    
       2.9737        0.44066    
       2.9758        0.43801    
       2.9778        0.43533    
       2.9798        0.43262    
       2.9818        0.42988    
       2.9838        0.42710    
       2.9859        0.42430    
       2.9879        0.42146    
       2.9899        0.41859    
       2.9919        0.41568    
       2.9939        0.41275    
       2.9960        0.40978    
       2.9980        0.40678    
       3.0000        0.40375    
  
       3.0000        0.40375    
       3.0020        0.40232    
       3.0040        0.40091    
       3.0061        0.39952    
       3.0081        0.39815    
       3.0101        0.39679    
       3.0121        0.39546    
       3.0141        0.39415    
       3.0162        0.39286    
       3.0182        0.39159    
       3.0202        0.39034    
       3.0222        0.38910    
       3.0242        0.38789    
       3.0263        0.38670    
       3.0283        0.38552    
       3.0303        0.38436    
       3.0323        0.38323    
       3.0343        0.38211    
       3.0364        0.38101    
       3.0384        0.37993    
       3.0404        0.37887    
       3.0424        0.37782    
       3.0444        0.37680    
       3.0465        0.37579    
       3.0485        0.37480    
       3.0505        0.37383    
       3.0525        0.37288    
       3.0545        0.37195    
       3.0566        0.37103    
       3.0586        0.37013    
       3.0606        0.36925    
       3.0626        0.36839    
       3.0646        0.36754    
       3.0667        0.36671    
       3.0687        0.36590    
       3.0707        0.36511    
       3.0727        0.36433    
       3.0747        0.36357    
       3.0768        0.36283    
       3.0788        0.36210    
       3.0808        0.36139    
       3.0828        0.36070    
       3.0848        0.36002    
       3.0869        0.35936    
       3.0889        0.35872    
       3.0909        0.35809    
       3.0929        0.35748    
       3.0949        0.35689    
       3.0970        0.35631    
       3.0990        0.35574    
       3.1010        0.35520    
       3.1030        0.35467    
       3.1051        0.35415    
       3.1071        0.35365    
       3.1091        0.35317    
       3.1111        0.35270    
       3.1131        0.35224    
       3.1152        0.35180    
       3.1172        0.35138    
       3.1192        0.35097    
       3.1212        0.35058    
       3.1232        0.35020    
       3.1253        0.34983    
       3.1273        0.34948    
       3.1293        0.34915    
       3.1313        0.34883    
       3.1333        0.34852    
       3.1354        0.34823    
       3.1374        0.34795    
       3.1394        0.34769    
       3.1414        0.34744    
       3.1434        0.34720    
       3.1455        0.34698    
       3.1475        0.34677    
       3.1495        0.34657    
       3.1515        0.34639    
       3.1535        0.34622    
       3.1556        0.34607    
       3.1576        0.34593    
       3.1596        0.34580    
       3.1616        0.34568    
       3.1636        0.34558    
       3.1657        0.34549    
       3.1677        0.34541    
       3.1697        0.34535    
       3.1717        0.34530    
       3.1737        0.34526    
       3.1758        0.34523    
       3.1778        0.34521    
       3.1798        0.34521    
       3.1818        0.34522    
       3.1838        0.34524    
       3.1859        0.34528    
       3.1879        0.34532    
       3.1899        0.34538    
       3.1919        0.34545    
       3.1939        0.34553    
       3.1960        0.34562    
       3.1980        0.34572    
       3.2000        0.34583    
       3.2000        0.34583    
       3.2020        0.34596    
       3.2040        0.34610    
       3.2061        0.34624    
       3.2081        0.34640    
       3.2101        0.34657    
       3.2121        0.34675    
       3.2141        0.34694    
       3.2162        0.34714    
       3.2182        0.34735    
       3.2202        0.34758    
       3.2222        0.34781    
       3.2242        0.34805    
       3.2263        0.34830    
       3.2283        0.34856    
       3.2303        0.34884    
       3.2323        0.34912    
       3.2343        0.34941    
       3.2364        0.34971    
       3.2384        0.35002    
       3.2404        0.35034    
       3.2424        0.35067    
       3.2444        0.35101    
       3.2465        0.35135    
       3.2485        0.35171    
       3.2505        0.35208    
       3.2525        0.35245    
       3.2545        0.35283    
       3.2566        0.35323    
       3.2586        0.35363    
       3.2606        0.35403    
       3.2626        0.35445    
       3.2646        0.35488    
       3.2667        0.35531    
       3.2687        0.35575    
       3.2707        0.35620    
       3.2727        0.35666    
       3.2747        0.35713    
       3.2768        0.35760    
       3.2788        0.35808    
       3.2808        0.35857    
       3.2828        0.35906    
       3.2848        0.35957    
       3.2869        0.36008    
       3.2889        0.36059    
       3.2909        0.36112    
       3.2929        0.36165    
       3.2949        0.36219    
       3.2970        0.36273    
       3.2990        0.36329    
       3.3010        0.36384    
       3.3030        0.36441    
       3.3051        0.36498    
       3.3071        0.36556    
       3.3091        0.36614    
       3.3111        0.36673    
       3.3131        0.36733    
       3.3152        0.36793    
       3.3172        0.36854    
       3.3192        0.36915    
       3.3212        0.36977    
       3.3232        0.37040    
       3.3253        0.37103    
       3.3273        0.37167    
       3.3293        0.37231    
       3.3313        0.37295    
       3.3333        0.37361    
       3.3354        0.37426    
       3.3374        0.37492    
       3.3394        0.37559    
       3.3414        0.37626    
       3.3434        0.37694    
       3.3455        0.37762    
       3.3475        0.37830    
       3.3495        0.37899    
       3.3515        0.37969    
       3.3535        0.38038    
       3.3556        0.38109    
       3.3576        0.38179    
       3.3596        0.38250    
       3.3616        0.38322    
       3.3636        0.38393    
       3.3657        0.38465    
       3.3677        0.38538    
       3.3697        0.38611    
       3.3717        0.38684    
       3.3737        0.38757    
       3.3758        0.38831    
       3.3778        0.38905    
       3.3798        0.38979    
       3.3818        0.39054    
       3.3838        0.39129    
       3.3859        0.39204    
       3.3879        0.39280    
       3.3899        0.39356    
       3.3919        0.39431    
       3.3939        0.39508    
       3.3960        0.39584    
       3.3980        0.39661    
       3.4000        0.39738    
       3.4000        0.39738    
       3.4020        0.39815    
       3.4040        0.39892    
       3.4061        0.39969    
       3.4081        0.40047    
       3.4101        0.40125    
       3.4121        0.40203    
       3.4141        0.40281    
       3.4162        0.40359    
       3.4182        0.40437    
       3.4202        0.40515    
       3.4222        0.40594    
       3.4242        0.40673    
       3.4263        0.40751    
       3.4283        0.40830    
       3.4303        0.40909    
       3.4323        0.40988    
       3.4343        0.41067    
       3.4364        0.41145    
       3.4384        0.41224    
       3.4404        0.41303    
       3.4424        0.41382    
       3.4444        0.41462    
       3.4465        0.41541    
       3.4485        0.41619    
       3.4505        0.41698    
       3.4525        0.41777    
       3.4545        0.41856    
       3.4566        0.41935    
       3.4586        0.42014    
       3.4606        0.42093    
       3.4626        0.42171    
       3.4646        0.42250    
       3.4667        0.42328    
       3.4687        0.42406    
       3.4707        0.42485    
       3.4727        0.42563    
       3.4747        0.42640    
       3.4768        0.42718    
       3.4788        0.42796    
       3.4808        0.42873    
       3.4828        0.42950    
       3.4848        0.43028    
       3.4869        0.43104    
       3.4889        0.43181    
       3.4909        0.43258    
       3.4929        0.43334    
       3.4949        0.43410    
       3.4970        0.43486    
       3.4990        0.43561    
       3.5010        0.43636    
       3.5030        0.43711    
       3.5051        0.43786    
       3.5071        0.43860    
       3.5091        0.43935    
       3.5111        0.44008    
       3.5131        0.44082    
       3.5152        0.44155    
       3.5172        0.44228    
       3.5192        0.44300    
       3.5212        0.44373    
       3.5232        0.44444    
       3.5253        0.44516    
       3.5273        0.44587    
       3.5293        0.44657    
       3.5313        0.44728    
       3.5333        0.44797    
       3.5354        0.44867    
       3.5374        0.44936    
       3.5394        0.45004    
       3.5414        0.45072    
       3.5434        0.45140    
       3.5455        0.45207    
       3.5475        0.45274    
       3.5495        0.45340    
       3.5515        0.45406    
       3.5535        0.45471    
       3.5556        0.45536    
       3.5576        0.45600    
       3.5596        0.45664    
       3.5616        0.45727    
       3.5636        0.45789    
       3.5657        0.45852    
       3.5677        0.45913    
       3.5697        0.45974    
       3.5717        0.46034    
       3.5737        0.46094    
       3.5758        0.46153    
       3.5778        0.46211    
       3.5798        0.46269    
       3.5818        0.46326    
       3.5838        0.46383    
       3.5859        0.46439    
       3.5879        0.46494    
       3.5899        0.46549    
       3.5919        0.46603    
       3.5939        0.46656    
       3.5960        0.46709    
       3.5980        0.46760    
       3.6000        0.46812    
       3.6000        0.46812    
       3.6020        0.46862    
       3.6040        0.46912    
       3.6061        0.46961    
       3.6081        0.47009    
       3.6101        0.47056    
       3.6121        0.47103    
       3.6141        0.47149    
       3.6162        0.47194    
       3.6182        0.47238    
       3.6202        0.47281    
       3.6222        0.47324    
       3.6242        0.47366    
       3.6263        0.47407    
       3.6283        0.47447    
       3.6303        0.47486    
       3.6323        0.47525    
       3.6343        0.47562    
       3.6364        0.47599    
       3.6384        0.47634    
       3.6404        0.47669    
       3.6424        0.47703    
       3.6444        0.47736    
       3.6465        0.47768    
       3.6485        0.47800    
       3.6505        0.47830    
       3.6525        0.47859    
       3.6545        0.47887    
       3.6566        0.47915    
       3.6586        0.47941    
       3.6606        0.47966    
       3.6626        0.47991    
       3.6646        0.48014    
       3.6667        0.48036    
       3.6687        0.48057    
       3.6707        0.48078    
       3.6727        0.48097    
       3.6747        0.48115    
       3.6768        0.48132    
       3.6788        0.48148    
       3.6808        0.48163    
       3.6828        0.48176    
       3.6848        0.48189    
       3.6869        0.48201    
       3.6889        0.48211    
       3.6909        0.48220    
       3.6929        0.48228    
       3.6949        0.48235    
       3.6970        0.48241    
       3.6990        0.48246    
       3.7010        0.48249    
       3.7030        0.48252    
       3.7051        0.48253    
       3.7071        0.48253    
       3.7091        0.48251    
       3.7111        0.48249    
       3.7131        0.48245    
       3.7152        0.48240    
       3.7172        0.48234    
       3.7192        0.48226    
       3.7212        0.48217    
       3.7232        0.48207    
       3.7253        0.48196    
       3.7273        0.48183    
       3.7293        0.48169    
       3.7313        0.48153    
       3.7333        0.48137    
       3.7354        0.48119    
       3.7374        0.48099    
       3.7394        0.48079    
       3.7414        0.48057    
       3.7434        0.48033    
       3.7455        0.48008    
       3.7475        0.47982    
       3.7495        0.47954    
       3.7515        0.47925    
       3.7535        0.47895    
       3.7556        0.47863    
       3.7576        0.47829    
       3.7596        0.47795    
       3.7616        0.47758    
       3.7636        0.47721    
       3.7657        0.47681    
       3.7677        0.47641    
       3.7697        0.47598    
       3.7717        0.47555    
       3.7737        0.47510    
       3.7758        0.47463    
       3.7778        0.47414    
       3.7798        0.47365    
       3.7818        0.47313    
       3.7838        0.47260    
       3.7859        0.47206    
       3.7879        0.47150    
       3.7899        0.47092    
       3.7919        0.47033    
       3.7939        0.46972    
       3.7960        0.46909    
       3.7980        0.46845    
       3.8000        0.46779    
       3.8000        0.46779    
       3.8020        0.46712    
       3.8040        0.46643    
       3.8061        0.46572    
       3.8081        0.46500    
       3.8101        0.46426    
       3.8121        0.46350    
       3.8141        0.46272    
       3.8162        0.46193    
       3.8182        0.46112    
       3.8202        0.46029    
       3.8222        0.45945    
       3.8242        0.45859    
       3.8263        0.45771    
       3.8283        0.45681    
       3.8303        0.45590    
       3.8323        0.45497    
       3.8343        0.45402    
       3.8364        0.45305    
       3.8384        0.45206    
       3.8404        0.45106    
       3.8424        0.45003    
       3.8444        0.44899    
       3.8465        0.44793    
       3.8485        0.44685    
       3.8505        0.44576    
       3.8525        0.44464    
       3.8545        0.44350    
       3.8566        0.44235    
       3.8586        0.44118    
       3.8606        0.43999    
       3.8626        0.43877    
       3.8646        0.43754    
       3.8667        0.43629    
       3.8687        0.43502    
       3.8707        0.43373    
       3.8727        0.43243    
       3.8747        0.43110    
       3.8768        0.42975    
       3.8788        0.42838    
       3.8808        0.42699    
       3.8828        0.42558    
       3.8848        0.42415    
       3.8869        0.42270    
       3.8889        0.42123    
       3.8909        0.41974    
       3.8929        0.41823    
       3.8949        0.41670    
       3.8970        0.41515    
       3.8990        0.41357    
       3.9010        0.41198    
       3.9030        0.41036    
       3.9051        0.40872    
       3.9071        0.40707    
       3.9091        0.40539    
       3.9111        0.40369    
       3.9131        0.40196    
       3.9152        0.40022    
       3.9172        0.39845    
       3.9192        0.39666    
       3.9212        0.39485    
       3.9232        0.39302    
       3.9253        0.39117    
       3.9273        0.38929    
       3.9293        0.38739    
       3.9313        0.38547    
       3.9333        0.38353    
       3.9354        0.38156    
       3.9374        0.37957    
       3.9394        0.37756    
       3.9414        0.37553    
       3.9434        0.37347    
       3.9455        0.37139    
       3.9475        0.36928    
       3.9495        0.36716    
       3.9515        0.36501    
       3.9535        0.36283    
       3.9556        0.36063    
       3.9576        0.35841    
       3.9596        0.35617    
       3.9616        0.35390    
       3.9636        0.35161    
       3.9657        0.34929    
       3.9677        0.34695    
       3.9697        0.34459    
       3.9717        0.34220    
       3.9737        0.33978    
       3.9758        0.33735    
       3.9778        0.33488    
       3.9798        0.33240    
       3.9818        0.32988    
       3.9838        0.32735    
       3.9859        0.32479    
       3.9879        0.32220    
       3.9899        0.31959    
       3.9919        0.31695    
       3.9939        0.31429    
       3.9960        0.31160    
       3.9980        0.30889    
       4.0000        0.30615    
  
