       1.0000        0.86612    
       1.0051        0.86353    
       1.0101        0.86100    
       1.0152        0.85852    
       1.0202        0.85611    
       1.0253        0.85375    
       1.0303        0.85145    
       1.0354        0.84920    
       1.0404        0.84701    
       1.0455        0.84488    
       1.0505        0.84279    
       1.0556        0.84076    
       1.0606        0.83878    
       1.0657        0.83686    
       1.0707        0.83498    
       1.0758        0.83315    
       1.0808        0.83138    
       1.0859        0.82965    
       1.0909        0.82797    
       1.0960        0.82633    
       1.1010        0.82474    
       1.1061        0.82320    
       1.1111        0.82170    
       1.1162        0.82024    
       1.1212        0.81883    
       1.1263        0.81746    
       1.1313        0.81613    
       1.1364        0.81484    
       1.1414        0.81359    
       1.1465        0.81239    
       1.1515        0.81122    
       1.1566        0.81008    
       1.1616        0.80899    
       1.1667        0.80793    
       1.1717        0.80690    
       1.1768        0.80591    
       1.1818        0.80496    
       1.1869        0.80404    
       1.1919        0.80315    
       1.1970        0.80229    
       1.2020        0.80146    
       1.2071        0.80066    
       1.2121        0.79990    
       1.2172        0.79916    
       1.2222        0.79845    
       1.2273        0.79776    
       1.2323        0.79711    
       1.2374        0.79647    
       1.2424        0.79587    
       1.2475        0.79528    
       1.2525        0.79472    
       1.2576        0.79419    
       1.2626        0.79367    
       1.2677        0.79318    
       1.2727        0.79271    
       1.2778        0.79225    
       1.2828        0.79182    
       1.2879        0.79140    
       1.2929        0.79100    
       1.2980        0.79062    
       1.3030        0.79025    
       1.3081        0.78990    
       1.3131        0.78956    
       1.3182        0.78924    
       1.3232        0.78893    
       1.3283        0.78863    
       1.3333        0.78834    
       1.3384        0.78807    
       1.3434        0.78780    
       1.3485        0.78754    
       1.3535        0.78729    
       1.3586        0.78705    
       1.3636        0.78682    
       1.3687        0.78659    
       1.3737        0.78636    
       1.3788        0.78614    
       1.3838        0.78593    
       1.3889        0.78572    
       1.3939        0.78551    
       1.3990        0.78530    
       1.4040        0.78509    
       1.4091        0.78488    
       1.4141        0.78467    
       1.4192        0.78446    
       1.4242        0.78425    
       1.4293        0.78404    
       1.4343        0.78382    
       1.4394        0.78359    
       1.4444        0.78337    
       1.4495        0.78313    
       1.4545        0.78289    
       1.4596        0.78264    
       1.4646        0.78239    
       1.4697        0.78212    
       1.4747        0.78184    
       1.4798        0.78156    
       1.4848        0.78126    
       1.4899        0.78095    
       1.4949        0.78063    
       1.5000        0.78029    
       1.5000        0.78029    
       1.5051        0.77994    
       1.5101        0.77958    
       1.5152        0.77920    
       1.5202        0.77880    
       1.5253        0.77839    
       1.5303        0.77795    
       1.5354        0.77750    
       1.5404        0.77703    
       1.5455        0.77654    
       1.5505        0.77603    
       1.5556        0.77549    
       1.5606        0.77494    
       1.5657        0.77436    
       1.5707        0.77375    
       1.5758        0.77312    
       1.5808        0.77247    
       1.5859        0.77179    
       1.5909        0.77108    
       1.5960        0.77034    
       1.6010        0.76958    
       1.6061        0.76879    
       1.6111        0.76796    
       1.6162        0.76711    
       1.6212        0.76622    
       1.6263        0.76530    
       1.6313        0.76435    
       1.6364        0.76337    
       1.6414        0.76235    
       1.6465        0.76129    
       1.6515        0.76020    
       1.6566        0.75907    
       1.6616        0.75790    
       1.6667        0.75670    
       1.6717        0.75546    
       1.6768        0.75417    
       1.6818        0.75285    
       1.6869        0.75148    
       1.6919        0.75008    
       1.6970        0.74863    
       1.7020        0.74713    
       1.7071        0.74559    
       1.7121        0.74401    
       1.7172        0.74238    
       1.7222        0.74070    
       1.7273        0.73898    
       1.7323        0.73721    
       1.7374        0.73539    
       1.7424        0.73351    
       1.7475        0.73159    
       1.7525        0.72962    
       1.7576        0.72760    
       1.7626        0.72552    
       1.7677        0.72339    
       1.7727        0.72121    
       1.7778        0.71897    
       1.7828        0.71667    
       1.7879        0.71432    
       1.7929        0.71191    
       1.7980        0.70944    
       1.8030        0.70692    
       1.8081        0.70433    
       1.8131        0.70169    
       1.8182        0.69898    
       1.8232        0.69621    
       1.8283        0.69338    
       1.8333        0.69049    
       1.8384        0.68753    
       1.8434        0.68451    
       1.8485        0.68142    
       1.8535        0.67827    
       1.8586        0.67504    
       1.8636        0.67175    
       1.8687        0.66840    
       1.8737        0.66497    
       1.8788        0.66147    
       1.8838        0.65791    
       1.8889        0.65427    
       1.8939        0.65055    
       1.8990        0.64677    
       1.9040        0.64291    
       1.9091        0.63898    
       1.9141        0.63497    
       1.9192        0.63089    
       1.9242        0.62673    
       1.9293        0.62249    
       1.9343        0.61817    
       1.9394        0.61377    
       1.9444        0.60930    
       1.9495        0.60474    
       1.9545        0.60010    
       1.9596        0.59538    
       1.9646        0.59058    
       1.9697        0.58569    
       1.9747        0.58072    
       1.9798        0.57567    
       1.9848        0.57053    
       1.9899        0.56530    
       1.9949        0.55998    
       2.0000        0.55458    
  
       2.0000        0.55458    
       2.0051        0.54964    
       2.0101        0.54480    
       2.0152        0.54005    
       2.0202        0.53539    
       2.0253        0.53082    
       2.0303        0.52634    
       2.0354        0.52194    
       2.0404        0.51764    
       2.0455        0.51342    
       2.0505        0.50928    
       2.0556        0.50523    
       2.0606        0.50127    
       2.0657        0.49738    
       2.0707        0.49359    
       2.0758        0.48987    
       2.0808        0.48623    
       2.0859        0.48268    
       2.0909        0.47920    
       2.0960        0.47581    
       2.1010        0.47249    
       2.1061        0.46925    
       2.1111        0.46608    
       2.1162        0.46299    
       2.1212        0.45998    
       2.1263        0.45704    
       2.1313        0.45418    
       2.1364        0.45138    
       2.1414        0.44866    
       2.1465        0.44602    
       2.1515        0.44344    
       2.1566        0.44093    
       2.1616        0.43849    
       2.1667        0.43612    
       2.1717        0.43382    
       2.1768        0.43158    
       2.1818        0.42941    
       2.1869        0.42731    
       2.1919        0.42527    
       2.1970        0.42329    
       2.2020        0.42138    
       2.2071        0.41952    
       2.2121        0.41774    
       2.2172        0.41601    
       2.2222        0.41434    
       2.2273        0.41273    
       2.2323        0.41118    
       2.2374        0.40968    
       2.2424        0.40825    
       2.2475        0.40687    
       2.2525        0.40554    
       2.2576        0.40427    
       2.2626        0.40306    
       2.2677        0.40190    
       2.2727        0.40079    
       2.2778        0.39973    
       2.2828        0.39872    
       2.2879        0.39776    
       2.2929        0.39686    
       2.2980        0.39600    
       2.3030        0.39519    
       2.3081        0.39442    
       2.3131        0.39370    
       2.3182        0.39303    
       2.3232        0.39241    
       2.3283        0.39182    
       2.3333        0.39128    
       2.3384        0.39079    
       2.3434        0.39033    
       2.3485        0.38992    
       2.3535        0.38954    
       2.3586        0.38921    
       2.3636        0.38891    
       2.3687        0.38866    
       2.3737        0.38844    
       2.3788        0.38825    
       2.3838        0.38811    
       2.3889        0.38799    
       2.3939        0.38791    
       2.3990        0.38787    
       2.4040        0.38786    
       2.4091        0.38788    
       2.4141        0.38793    
       2.4192        0.38801    
       2.4242        0.38812    
       2.4293        0.38826    
       2.4343        0.38843    
       2.4394        0.38863    
       2.4444        0.38885    
       2.4495        0.38910    
       2.4545        0.38937    
       2.4596        0.38967    
       2.4646        0.38999    
       2.4697        0.39034    
       2.4747        0.39071    
       2.4798        0.39109    
       2.4848        0.39150    
       2.4899        0.39193    
       2.4949        0.39238    
       2.5000        0.39285    
       2.5000        0.39285    
       2.5051        0.39333    
       2.5101        0.39383    
       2.5152        0.39435    
       2.5202        0.39488    
       2.5253        0.39543    
       2.5303        0.39599    
       2.5354        0.39657    
       2.5404        0.39715    
       2.5455        0.39775    
       2.5505        0.39836    
       2.5556        0.39898    
       2.5606        0.39960    
       2.5657        0.40024    
       2.5707        0.40089    
       2.5758        0.40154    
       2.5808        0.40219    
       2.5859        0.40286    
       2.5909        0.40352    
       2.5960        0.40420    
       2.6010        0.40487    
       2.6061        0.40555    
       2.6111        0.40623    
       2.6162        0.40691    
       2.6212        0.40759    
       2.6263        0.40827    
       2.6313        0.40895    
       2.6364        0.40962    
       2.6414        0.41030    
       2.6465        0.41097    
       2.6515        0.41163    
       2.6566        0.41229    
       2.6616        0.41295    
       2.6667        0.41359    
       2.6717        0.41424    
       2.6768        0.41487    
       2.6818        0.41549    
       2.6869        0.41611    
       2.6919        0.41671    
       2.6970        0.41730    
       2.7020        0.41788    
       2.7071        0.41845    
       2.7121        0.41900    
       2.7172        0.41954    
       2.7222        0.42007    
       2.7273        0.42058    
       2.7323        0.42107    
       2.7374        0.42155    
       2.7424        0.42200    
       2.7475        0.42244    
       2.7525        0.42286    
       2.7576        0.42326    
       2.7626        0.42364    
       2.7677        0.42400    
       2.7727        0.42433    
       2.7778        0.42464    
       2.7828        0.42493    
       2.7879        0.42519    
       2.7929        0.42542    
       2.7980        0.42563    
       2.8030        0.42582    
       2.8081        0.42597    
       2.8131        0.42610    
       2.8182        0.42620    
       2.8232        0.42626    
       2.8283        0.42630    
       2.8333        0.42630    
       2.8384        0.42628    
       2.8434        0.42621    
       2.8485        0.42612    
       2.8535        0.42599    
       2.8586        0.42582    
       2.8636        0.42562    
       2.8687        0.42538    
       2.8737        0.42511    
       2.8788        0.42479    
       2.8838        0.42444    
       2.8889        0.42405    
       2.8939        0.42361    
       2.8990        0.42314    
       2.9040        0.42262    
       2.9091        0.42206    
       2.9141        0.42146    
       2.9192        0.42081    
       2.9242        0.42011    
       2.9293        0.41937    
       2.9343        0.41858    
       2.9394        0.41775    
       2.9444        0.41687    
       2.9495        0.41594    
       2.9545        0.41495    
       2.9596        0.41392    
       2.9646        0.41284    
       2.9697        0.41170    
       2.9747        0.41051    
       2.9798        0.40927    
       2.9848        0.40797    
       2.9899        0.40662    
       2.9949        0.40522    
       3.0000        0.40375    
  
       3.0000        0.40375    
       3.0051        0.40021    
       3.0101        0.39680    
       3.0152        0.39351    
       3.0202        0.39034    
       3.0253        0.38729    
       3.0303        0.38437    
       3.0354        0.38156    
       3.0404        0.37887    
       3.0455        0.37629    
       3.0505        0.37383    
       3.0556        0.37149    
       3.0606        0.36925    
       3.0657        0.36713    
       3.0707        0.36511    
       3.0758        0.36320    
       3.0808        0.36139    
       3.0859        0.35969    
       3.0909        0.35809    
       3.0960        0.35660    
       3.1010        0.35520    
       3.1061        0.35390    
       3.1111        0.35270    
       3.1162        0.35159    
       3.1212        0.35058    
       3.1263        0.34966    
       3.1313        0.34883    
       3.1364        0.34809    
       3.1414        0.34744    
       3.1465        0.34687    
       3.1515        0.34639    
       3.1566        0.34600    
       3.1616        0.34568    
       3.1667        0.34545    
       3.1717        0.34530    
       3.1768        0.34522    
       3.1818        0.34522    
       3.1869        0.34530    
       3.1919        0.34545    
       3.1970        0.34567    
       3.2020        0.34596    
       3.2071        0.34632    
       3.2121        0.34675    
       3.2172        0.34725    
       3.2222        0.34781    
       3.2273        0.34843    
       3.2323        0.34912    
       3.2374        0.34987    
       3.2424        0.35067    
       3.2475        0.35153    
       3.2525        0.35245    
       3.2576        0.35343    
       3.2626        0.35445    
       3.2677        0.35553    
       3.2727        0.35666    
       3.2778        0.35784    
       3.2828        0.35907    
       3.2879        0.36034    
       3.2929        0.36165    
       3.2980        0.36301    
       3.3030        0.36441    
       3.3081        0.36585    
       3.3131        0.36733    
       3.3182        0.36885    
       3.3232        0.37040    
       3.3283        0.37199    
       3.3333        0.37361    
       3.3384        0.37526    
       3.3434        0.37694    
       3.3485        0.37865    
       3.3535        0.38039    
       3.3586        0.38215    
       3.3636        0.38393    
       3.3687        0.38574    
       3.3737        0.38757    
       3.3788        0.38942    
       3.3838        0.39129    
       3.3889        0.39318    
       3.3939        0.39508    
       3.3990        0.39699    
       3.4040        0.39892    
       3.4091        0.40086    
       3.4141        0.40281    
       3.4192        0.40476    
       3.4242        0.40673    
       3.4293        0.40869    
       3.4343        0.41067    
       3.4394        0.41264    
       3.4444        0.41462    
       3.4495        0.41659    
       3.4545        0.41856    
       3.4596        0.42053    
       3.4646        0.42250    
       3.4697        0.42446    
       3.4747        0.42641    
       3.4798        0.42835    
       3.4848        0.43028    
       3.4899        0.43219    
       3.4949        0.43410    
       3.5000        0.43599    
       3.5000        0.43599    
       3.5051        0.43786    
       3.5101        0.43972    
       3.5152        0.44155    
       3.5202        0.44337    
       3.5253        0.44516    
       3.5303        0.44693    
       3.5354        0.44867    
       3.5404        0.45039    
       3.5455        0.45207    
       3.5505        0.45373    
       3.5556        0.45536    
       3.5606        0.45695    
       3.5657        0.45852    
       3.5707        0.46004    
       3.5758        0.46153    
       3.5808        0.46298    
       3.5859        0.46439    
       3.5909        0.46576    
       3.5960        0.46709    
       3.6010        0.46837    
       3.6061        0.46961    
       3.6111        0.47080    
       3.6162        0.47194    
       3.6212        0.47303    
       3.6263        0.47407    
       3.6313        0.47506    
       3.6364        0.47599    
       3.6414        0.47686    
       3.6465        0.47768    
       3.6515        0.47845    
       3.6566        0.47915    
       3.6616        0.47979    
       3.6667        0.48036    
       3.6717        0.48087    
       3.6768        0.48132    
       3.6818        0.48170    
       3.6869        0.48201    
       3.6919        0.48225    
       3.6970        0.48241    
       3.7020        0.48251    
       3.7071        0.48253    
       3.7121        0.48247    
       3.7172        0.48234    
       3.7222        0.48212    
       3.7273        0.48183    
       3.7323        0.48145    
       3.7374        0.48099    
       3.7424        0.48045    
       3.7475        0.47982    
       3.7525        0.47910    
       3.7576        0.47829    
       3.7626        0.47740    
       3.7677        0.47641    
       3.7727        0.47532    
       3.7778        0.47414    
       3.7828        0.47287    
       3.7879        0.47150    
       3.7929        0.47002    
       3.7980        0.46845    
       3.8030        0.46678    
       3.8081        0.46500    
       3.8131        0.46311    
       3.8182        0.46112    
       3.8232        0.45902    
       3.8283        0.45681    
       3.8333        0.45449    
       3.8384        0.45206    
       3.8434        0.44951    
       3.8485        0.44685    
       3.8535        0.44407    
       3.8586        0.44118    
       3.8636        0.43816    
       3.8687        0.43502    
       3.8737        0.43176    
       3.8788        0.42838    
       3.8838        0.42487    
       3.8889        0.42123    
       3.8939        0.41747    
       3.8990        0.41357    
       3.9040        0.40955    
       3.9091        0.40539    
       3.9141        0.40109    
       3.9192        0.39666    
       3.9242        0.39210    
       3.9293        0.38739    
       3.9343        0.38255    
       3.9394        0.37756    
       3.9444        0.37243    
       3.9495        0.36716    
       3.9545        0.36174    
       3.9596        0.35617    
       3.9646        0.35045    
       3.9697        0.34459    
       3.9747        0.33857    
       3.9798        0.33240    
       3.9848        0.32607    
       3.9899        0.31959    
       3.9949        0.31295    
       4.0000        0.30615    
  
