       1.0000        0.86612    
       1.0020        0.86508    
       1.0040        0.86404    
       1.0061        0.86302    
       1.0081        0.86200    
       1.0101        0.86100    
       1.0121        0.86000    
       1.0141        0.85901    
       1.0162        0.85804    
       1.0182        0.85707    
       1.0202        0.85611    
       1.0222        0.85516    
       1.0242        0.85422    
       1.0263        0.85329    
       1.0283        0.85236    
       1.0303        0.85145    
       1.0323        0.85054    
       1.0343        0.84965    
       1.0364        0.84876    
       1.0384        0.84788    
       1.0404        0.84701    
       1.0424        0.84615    
       1.0444        0.84530    
       1.0465        0.84446    
       1.0485        0.84362    
       1.0505        0.84279    
       1.0525        0.84198    
       1.0545        0.84117    
       1.0566        0.84036    
       1.0586        0.83957    
       1.0606        0.83879    
       1.0626        0.83801    
       1.0646        0.83724    
       1.0667        0.83648    
       1.0687        0.83573    
       1.0707        0.83498    
       1.0727        0.83425    
       1.0747        0.83352    
       1.0768        0.83280    
       1.0788        0.83208    
       1.0808        0.83138    
       1.0828        0.83068    
       1.0848        0.82999    
       1.0869        0.82931    
       1.0889        0.82864    
       1.0909        0.82797    
       1.0929        0.82731    
       1.0949        0.82666    
       1.0970        0.82601    
       1.0990        0.82537    
       1.1010        0.82474    
       1.1030        0.82412    
       1.1051        0.82351    
       1.1071        0.82290    
       1.1091        0.82230    
       1.1111        0.82170    
       1.1131        0.82111    
       1.1152        0.82053    
       1.1172        0.81996    
       1.1192        0.81939    
       1.1212        0.81883    
       1.1232        0.81828    
       1.1253        0.81773    
       1.1273        0.81719    
       1.1293        0.81666    
       1.1313        0.81613    
       1.1333        0.81561    
       1.1354        0.81510    
       1.1374        0.81459    
       1.1394        0.81409    
       1.1414        0.81360    
       1.1434        0.81311    
       1.1455        0.81263    
       1.1475        0.81215    
       1.1495        0.81168    
       1.1515        0.81122    
       1.1535        0.81076    
       1.1556        0.81031    
       1.1576        0.80986    
       1.1596        0.80943    
       1.1616        0.80899    
       1.1636        0.80856    
       1.1657        0.80814    
       1.1677        0.80772    
       1.1697        0.80731    
       1.1717        0.80691    
       1.1737        0.80651    
       1.1758        0.80611    
       1.1778        0.80572    
       1.1798        0.80534    
       1.1818        0.80496    
       1.1838        0.80459    
       1.1859        0.80422    
       1.1879        0.80386    
       1.1899        0.80350    
       1.1919        0.80315    
       1.1939        0.80280    
       1.1960        0.80246    
       1.1980        0.80213    
       1.2000        0.80179    
       1.2000        0.80179    
       1.2020        0.80147    
       1.2040        0.80114    
       1.2061        0.80083    
       1.2081        0.80051    
       1.2101        0.80020    
       1.2121        0.79990    
       1.2141        0.79960    
       1.2162        0.79931    
       1.2182        0.79902    
       1.2202        0.79873    
       1.2222        0.79845    
       1.2242        0.79817    
       1.2263        0.79790    
       1.2283        0.79763    
       1.2303        0.79737    
       1.2323        0.79711    
       1.2343        0.79685    
       1.2364        0.79660    
       1.2384        0.79636    
       1.2404        0.79611    
       1.2424        0.79587    
       1.2444        0.79564    
       1.2465        0.79540    
       1.2485        0.79518    
       1.2505        0.79495    
       1.2525        0.79473    
       1.2545        0.79451    
       1.2566        0.79430    
       1.2586        0.79409    
       1.2606        0.79388    
       1.2626        0.79368    
       1.2646        0.79348    
       1.2667        0.79328    
       1.2687        0.79309    
       1.2707        0.79290    
       1.2727        0.79271    
       1.2747        0.79253    
       1.2768        0.79235    
       1.2788        0.79217    
       1.2808        0.79199    
       1.2828        0.79182    
       1.2848        0.79165    
       1.2869        0.79149    
       1.2889        0.79132    
       1.2909        0.79116    
       1.2929        0.79101    
       1.2949        0.79085    
       1.2970        0.79070    
       1.2990        0.79055    
       1.3010        0.79040    
       1.3030        0.79026    
       1.3051        0.79011    
       1.3071        0.78997    
       1.3091        0.78984    
       1.3111        0.78970    
       1.3131        0.78957    
       1.3152        0.78944    
       1.3172        0.78931    
       1.3192        0.78918    
       1.3212        0.78906    
       1.3232        0.78893    
       1.3253        0.78881    
       1.3273        0.78869    
       1.3293        0.78858    
       1.3313        0.78846    
       1.3333        0.78835    
       1.3354        0.78824    
       1.3374        0.78813    
       1.3394        0.78802    
       1.3414        0.78791    
       1.3434        0.78780    
       1.3455        0.78770    
       1.3475        0.78760    
       1.3495        0.78750    
       1.3515        0.78740    
       1.3535        0.78730    
       1.3556        0.78720    
       1.3576        0.78710    
       1.3596        0.78701    
       1.3616        0.78691    
       1.3636        0.78682    
       1.3657        0.78673    
       1.3677        0.78664    
       1.3697        0.78654    
       1.3717        0.78645    
       1.3737        0.78637    
       1.3758        0.78628    
       1.3778        0.78619    
       1.3798        0.78610    
       1.3818        0.78602    
       1.3838        0.78593    
       1.3859        0.78585    
       1.3879        0.78576    
       1.3899        0.78568    
       1.3919        0.78559    
       1.3939        0.78551    
       1.3960        0.78543    
       1.3980        0.78534    
       1.4000        0.78526    
       1.4000        0.78526    
       1.4020        0.78518    
       1.4040        0.78509    
       1.4061        0.78501    
       1.4081        0.78493    
       1.4101        0.78484    
       1.4121        0.78476    
       1.4141        0.78468    
       1.4162        0.78459    
       1.4182        0.78451    
       1.4202        0.78442    
       1.4222        0.78434    
       1.4242        0.78425    
       1.4263        0.78417    
       1.4283        0.78408    
       1.4303        0.78400    
       1.4323        0.78391    
       1.4343        0.78382    
       1.4364        0.78373    
       1.4384        0.78364    
       1.4404        0.78355    
       1.4424        0.78346    
       1.4444        0.78337    
       1.4465        0.78328    
       1.4485        0.78318    
       1.4505        0.78309    
       1.4525        0.78299    
       1.4545        0.78289    
       1.4566        0.78279    
       1.4586        0.78269    
       1.4606        0.78259    
       1.4626        0.78249    
       1.4646        0.78239    
       1.4667        0.78228    
       1.4687        0.78217    
       1.4707        0.78207    
       1.4727        0.78196    
       1.4747        0.78185    
       1.4768        0.78173    
       1.4788        0.78162    
       1.4808        0.78150    
       1.4828        0.78138    
       1.4848        0.78126    
       1.4869        0.78114    
       1.4889        0.78101    
       1.4909        0.78089    
       1.4929        0.78076    
       1.4949        0.78063    
       1.4970        0.78050    
       1.4990        0.78036    
       1.5010        0.78022    
       1.5030        0.78009    
       1.5051        0.77994    
       1.5071        0.77980    
       1.5091        0.77965    
       1.5111        0.77950    
       1.5131        0.77935    
       1.5152        0.77920    
       1.5172        0.77904    
       1.5192        0.77888    
       1.5212        0.77872    
       1.5232        0.77855    
       1.5253        0.77839    
       1.5273        0.77821    
       1.5293        0.77804    
       1.5313        0.77786    
       1.5333        0.77768    
       1.5354        0.77750    
       1.5374        0.77732    
       1.5394        0.77713    
       1.5414        0.77693    
       1.5434        0.77674    
       1.5455        0.77654    
       1.5475        0.77634    
       1.5495        0.77613    
       1.5515        0.77592    
       1.5535        0.77571    
       1.5556        0.77549    
       1.5576        0.77527    
       1.5596        0.77505    
       1.5616        0.77482    
       1.5636        0.77459    
       1.5657        0.77436    
       1.5677        0.77412    
       1.5697        0.77387    
       1.5717        0.77363    
       1.5737        0.77338    
       1.5758        0.77312    
       1.5778        0.77286    
       1.5798        0.77260    
       1.5818        0.77233    
       1.5838        0.77206    
       1.5859        0.77179    
       1.5879        0.77151    
       1.5899        0.77122    
       1.5919        0.77093    
       1.5939        0.77064    
       1.5960        0.77034    
       1.5980        0.77004    
       1.6000        0.76973    
       1.6000        0.76973    
       1.6020        0.76942    
       1.6040        0.76911    
       1.6061        0.76878    
       1.6081        0.76846    
       1.6101        0.76813    
       1.6121        0.76779    
       1.6141        0.76745    
       1.6162        0.76711    
       1.6182        0.76676    
       1.6202        0.76640    
       1.6222        0.76604    
       1.6242        0.76567    
       1.6263        0.76530    
       1.6283        0.76492    
       1.6303        0.76454    
       1.6323        0.76415    
       1.6343        0.76376    
       1.6364        0.76336    
       1.6384        0.76296    
       1.6404        0.76255    
       1.6424        0.76214    
       1.6444        0.76171    
       1.6465        0.76129    
       1.6485        0.76086    
       1.6505        0.76042    
       1.6525        0.75997    
       1.6545        0.75952    
       1.6566        0.75907    
       1.6586        0.75861    
       1.6606        0.75814    
       1.6626        0.75766    
       1.6646        0.75718    
       1.6667        0.75670    
       1.6687        0.75620    
       1.6707        0.75571    
       1.6727        0.75520    
       1.6747        0.75469    
       1.6768        0.75417    
       1.6788        0.75364    
       1.6808        0.75311    
       1.6828        0.75258    
       1.6848        0.75203    
       1.6869        0.75148    
       1.6889        0.75092    
       1.6909        0.75036    
       1.6929        0.74979    
       1.6949        0.74921    
       1.6970        0.74862    
       1.6990        0.74803    
       1.7010        0.74743    
       1.7030        0.74682    
       1.7051        0.74621    
       1.7071        0.74559    
       1.7091        0.74496    
       1.7111        0.74432    
       1.7131        0.74368    
       1.7152        0.74303    
       1.7172        0.74237    
       1.7192        0.74171    
       1.7212        0.74104    
       1.7232        0.74036    
       1.7253        0.73967    
       1.7273        0.73897    
       1.7293        0.73827    
       1.7313        0.73756    
       1.7333        0.73684    
       1.7354        0.73612    
       1.7374        0.73538    
       1.7394        0.73464    
       1.7414        0.73389    
       1.7434        0.73313    
       1.7455        0.73236    
       1.7475        0.73159    
       1.7495        0.73081    
       1.7515        0.73002    
       1.7535        0.72922    
       1.7556        0.72841    
       1.7576        0.72759    
       1.7596        0.72677    
       1.7616        0.72594    
       1.7636        0.72509    
       1.7657        0.72424    
       1.7677        0.72339    
       1.7697        0.72252    
       1.7717        0.72164    
       1.7737        0.72076    
       1.7758        0.71986    
       1.7778        0.71896    
       1.7798        0.71805    
       1.7818        0.71713    
       1.7838        0.71620    
       1.7859        0.71526    
       1.7879        0.71431    
       1.7899        0.71336    
       1.7919        0.71239    
       1.7939        0.71142    
       1.7960        0.71043    
       1.7980        0.70944    
       1.8000        0.70843    
       1.8000        0.70843    
       1.8020        0.70742    
       1.8040        0.70640    
       1.8061        0.70537    
       1.8081        0.70433    
       1.8101        0.70328    
       1.8121        0.70222    
       1.8141        0.70115    
       1.8162        0.70007    
       1.8182        0.69898    
       1.8202        0.69788    
       1.8222        0.69677    
       1.8242        0.69565    
       1.8263        0.69452    
       1.8283        0.69338    
       1.8303        0.69223    
       1.8323        0.69107    
       1.8343        0.68990    
       1.8364        0.68872    
       1.8384        0.68753    
       1.8404        0.68632    
       1.8424        0.68511    
       1.8444        0.68389    
       1.8465        0.68266    
       1.8485        0.68142    
       1.8505        0.68016    
       1.8525        0.67890    
       1.8545        0.67762    
       1.8566        0.67634    
       1.8586        0.67504    
       1.8606        0.67373    
       1.8626        0.67241    
       1.8646        0.67108    
       1.8667        0.66974    
       1.8687        0.66839    
       1.8707        0.66703    
       1.8727        0.66566    
       1.8747        0.66427    
       1.8768        0.66288    
       1.8788        0.66147    
       1.8808        0.66005    
       1.8828        0.65862    
       1.8848        0.65718    
       1.8869        0.65573    
       1.8889        0.65426    
       1.8909        0.65279    
       1.8929        0.65130    
       1.8949        0.64980    
       1.8970        0.64829    
       1.8990        0.64677    
       1.9010        0.64523    
       1.9030        0.64369    
       1.9051        0.64213    
       1.9071        0.64056    
       1.9091        0.63898    
       1.9111        0.63738    
       1.9131        0.63578    
       1.9152        0.63416    
       1.9172        0.63253    
       1.9192        0.63088    
       1.9212        0.62923    
       1.9232        0.62756    
       1.9253        0.62588    
       1.9273        0.62419    
       1.9293        0.62248    
       1.9313        0.62077    
       1.9333        0.61904    
       1.9354        0.61729    
       1.9374        0.61554    
       1.9394        0.61377    
       1.9414        0.61199    
       1.9434        0.61020    
       1.9455        0.60839    
       1.9475        0.60657    
       1.9495        0.60474    
       1.9515        0.60289    
       1.9535        0.60104    
       1.9556        0.59916    
       1.9576        0.59728    
       1.9596        0.59538    
       1.9616        0.59347    
       1.9636        0.59155    
       1.9657        0.58961    
       1.9677        0.58766    
       1.9697        0.58569    
       1.9717        0.58372    
       1.9737        0.58172    
       1.9758        0.57972    
       1.9778        0.57770    
       1.9798        0.57567    
       1.9818        0.57362    
       1.9838        0.57156    
       1.9859        0.56949    
       1.9879        0.56740    
       1.9899        0.56530    
       1.9919        0.56318    
       1.9939        0.56105    
       1.9960        0.55891    
       1.9980        0.55675    
       2.0000        0.55458    
  
       2.0000        0.55458    
       2.0020        0.55382    
       2.0040        0.55306    
       2.0061        0.55228    
       2.0081        0.55150    
       2.0101        0.55071    
       2.0121        0.54991    
       2.0141        0.54910    
       2.0162        0.54828    
       2.0182        0.54746    
       2.0202        0.54663    
       2.0222        0.54579    
       2.0242        0.54494    
       2.0263        0.54408    
       2.0283        0.54322    
       2.0303        0.54234    
       2.0323        0.54146    
       2.0343        0.54057    
       2.0364        0.53968    
       2.0384        0.53878    
       2.0404        0.53787    
       2.0424        0.53695    
       2.0444        0.53602    
       2.0465        0.53509    
       2.0485        0.53415    
       2.0505        0.53321    
       2.0525        0.53225    
       2.0545        0.53129    
       2.0566        0.53033    
       2.0586        0.52935    
       2.0606        0.52837    
       2.0626        0.52738    
       2.0646        0.52639    
       2.0667        0.52539    
       2.0687        0.52438    
       2.0707        0.52337    
       2.0727        0.52235    
       2.0747        0.52133    
       2.0768        0.52030    
       2.0788        0.51926    
       2.0808        0.51821    
       2.0828        0.51717    
       2.0848        0.51611    
       2.0869        0.51505    
       2.0889        0.51398    
       2.0909        0.51291    
       2.0929        0.51183    
       2.0949        0.51075    
       2.0970        0.50966    
       2.0990        0.50857    
       2.1010        0.50747    
       2.1030        0.50636    
       2.1051        0.50525    
       2.1071        0.50414    
       2.1091        0.50302    
       2.1111        0.50189    
       2.1131        0.50076    
       2.1152        0.49963    
       2.1172        0.49849    
       2.1192        0.49735    
       2.1212        0.49620    
       2.1232        0.49504    
       2.1253        0.49389    
       2.1273        0.49273    
       2.1293        0.49156    
       2.1313        0.49039    
       2.1333        0.48922    
       2.1354        0.48804    
       2.1374        0.48686    
       2.1394        0.48567    
       2.1414        0.48448    
       2.1434        0.48329    
       2.1455        0.48209    
       2.1475        0.48089    
       2.1495        0.47968    
       2.1515        0.47848    
       2.1535        0.47727    
       2.1556        0.47605    
       2.1576        0.47483    
       2.1596        0.47361    
       2.1616        0.47239    
       2.1636        0.47116    
       2.1657        0.46993    
       2.1677        0.46870    
       2.1697        0.46746    
       2.1717        0.46622    
       2.1737        0.46498    
       2.1758        0.46374    
       2.1778        0.46249    
       2.1798        0.46124    
       2.1818        0.45999    
       2.1838        0.45874    
       2.1859        0.45748    
       2.1879        0.45622    
       2.1899        0.45496    
       2.1919        0.45370    
       2.1939        0.45243    
       2.1960        0.45117    
       2.1980        0.44990    
       2.2000        0.44863    
       2.2000        0.44863    
       2.2020        0.44736    
       2.2040        0.44608    
       2.2061        0.44481    
       2.2081        0.44353    
       2.2101        0.44226    
       2.2121        0.44098    
       2.2141        0.43970    
       2.2162        0.43841    
       2.2182        0.43713    
       2.2202        0.43585    
       2.2222        0.43456    
       2.2242        0.43328    
       2.2263        0.43199    
       2.2283        0.43070    
       2.2303        0.42942    
       2.2323        0.42813    
       2.2343        0.42684    
       2.2364        0.42555    
       2.2384        0.42426    
       2.2404        0.42297    
       2.2424        0.42168    
       2.2444        0.42039    
       2.2465        0.41910    
       2.2485        0.41781    
       2.2505        0.41652    
       2.2525        0.41523    
       2.2545        0.41394    
       2.2566        0.41265    
       2.2586        0.41136    
       2.2606        0.41007    
       2.2626        0.40878    
       2.2646        0.40749    
       2.2667        0.40620    
       2.2687        0.40491    
       2.2707        0.40363    
       2.2727        0.40234    
       2.2747        0.40106    
       2.2768        0.39977    
       2.2788        0.39849    
       2.2808        0.39721    
       2.2828        0.39593    
       2.2848        0.39465    
       2.2869        0.39337    
       2.2889        0.39209    
       2.2909        0.39082    
       2.2929        0.38954    
       2.2949        0.38827    
       2.2970        0.38700    
       2.2990        0.38573    
       2.3010        0.38447    
       2.3030        0.38320    
       2.3051        0.38194    
       2.3071        0.38068    
       2.3091        0.37942    
       2.3111        0.37816    
       2.3131        0.37691    
       2.3152        0.37566    
       2.3172        0.37441    
       2.3192        0.37316    
       2.3212        0.37191    
       2.3232        0.37067    
       2.3253        0.36943    
       2.3273        0.36820    
       2.3293        0.36696    
       2.3313        0.36573    
       2.3333        0.36450    
       2.3354        0.36328    
       2.3374        0.36206    
       2.3394        0.36084    
       2.3414        0.35962    
       2.3434        0.35841    
       2.3455        0.35720    
       2.3475        0.35600    
       2.3495        0.35480    
       2.3515        0.35360    
       2.3535        0.35240    
       2.3556        0.35121    
       2.3576        0.35003    
       2.3596        0.34884    
       2.3616        0.34766    
       2.3636        0.34649    
       2.3657        0.34532    
       2.3677        0.34415    
       2.3697        0.34299    
       2.3717        0.34183    
       2.3737        0.34068    
       2.3758        0.33953    
       2.3778        0.33838    
       2.3798        0.33724    
       2.3818        0.33611    
       2.3838        0.33498    
       2.3859        0.33385    
       2.3879        0.33273    
       2.3899        0.33161    
       2.3919        0.33050    
       2.3939        0.32940    
       2.3960        0.32830    
       2.3980        0.32720    
       2.4000        0.32611    
       2.4000        0.32611    
       2.4020        0.32503    
       2.4040        0.32395    
       2.4061        0.32287    
       2.4081        0.32181    
       2.4101        0.32074    
       2.4121        0.31969    
       2.4141        0.31864    
       2.4162        0.31759    
       2.4182        0.31655    
       2.4202        0.31552    
       2.4222        0.31449    
       2.4242        0.31347    
       2.4263        0.31246    
       2.4283        0.31145    
       2.4303        0.31045    
       2.4323        0.30945    
       2.4343        0.30846    
       2.4364        0.30748    
       2.4384        0.30651    
       2.4404        0.30554    
       2.4424        0.30458    
       2.4444        0.30362    
       2.4465        0.30267    
       2.4485        0.30173    
       2.4505        0.30080    
       2.4525        0.29987    
       2.4545        0.29895    
       2.4566        0.29804    
       2.4586        0.29714    
       2.4606        0.29624    
       2.4626        0.29535    
       2.4646        0.29447    
       2.4667        0.29360    
       2.4687        0.29273    
       2.4707        0.29187    
       2.4727        0.29102    
       2.4747        0.29018    
       2.4768        0.28934    
       2.4788        0.28852    
       2.4808        0.28770    
       2.4828        0.28689    
       2.4848        0.28609    
       2.4869        0.28529    
       2.4889        0.28451    
       2.4909        0.28373    
       2.4929        0.28296    
       2.4949        0.28221    
       2.4970        0.28146    
       2.4990        0.28071    
       2.5010        0.27998    
       2.5030        0.27926    
       2.5051        0.27854    
       2.5071        0.27784    
       2.5091        0.27714    
       2.5111        0.27645    
       2.5131        0.27578    
       2.5152        0.27511    
       2.5172        0.27445    
       2.5192        0.27380    
       2.5212        0.27316    
       2.5232        0.27253    
       2.5253        0.27191    
       2.5273        0.27130    
       2.5293        0.27070    
       2.5313        0.27011    
       2.5333        0.26953    
       2.5354        0.26896    
       2.5374        0.26840    
       2.5394        0.26785    
       2.5414        0.26731    
       2.5434        0.26678    
       2.5455        0.26626    
       2.5475        0.26576    
       2.5495        0.26526    
       2.5515        0.26477    
       2.5535        0.26430    
       2.5556        0.26383    
       2.5576        0.26338    
       2.5596        0.26293    
       2.5616        0.26250    
       2.5636        0.26208    
       2.5657        0.26167    
       2.5677        0.26127    
       2.5697        0.26088    
       2.5717        0.26051    
       2.5737        0.26014    
       2.5758        0.25979    
       2.5778        0.25945    
       2.5798        0.25912    
       2.5818        0.25880    
       2.5838        0.25850    
       2.5859        0.25820    
       2.5879        0.25792    
       2.5899        0.25765    
       2.5919        0.25739    
       2.5939        0.25715    
       2.5960        0.25692    
       2.5980        0.25670    
       2.6000        0.25649    
       2.6000        0.25649    
       2.6020        0.25629    
       2.6040        0.25611    
       2.6061        0.25594    
       2.6081        0.25578    
       2.6101        0.25563    
       2.6121        0.25550    
       2.6141        0.25538    
       2.6162        0.25527    
       2.6182        0.25518    
       2.6202        0.25510    
       2.6222        0.25503    
       2.6242        0.25498    
       2.6263        0.25494    
       2.6283        0.25491    
       2.6303        0.25490    
       2.6323        0.25490    
       2.6343        0.25491    
       2.6364        0.25494    
       2.6384        0.25498    
       2.6404        0.25503    
       2.6424        0.25510    
       2.6444        0.25518    
       2.6465        0.25528    
       2.6485        0.25539    
       2.6505        0.25552    
       2.6525        0.25566    
       2.6545        0.25581    
       2.6566        0.25598    
       2.6586        0.25616    
       2.6606        0.25636    
       2.6626        0.25657    
       2.6646        0.25680    
       2.6667        0.25704    
       2.6687        0.25729    
       2.6707        0.25756    
       2.6727        0.25785    
       2.6747        0.25815    
       2.6768        0.25847    
       2.6788        0.25880    
       2.6808        0.25915    
       2.6828        0.25951    
       2.6848        0.25989    
       2.6869        0.26028    
       2.6889        0.26069    
       2.6909        0.26111    
       2.6929        0.26155    
       2.6949        0.26201    
       2.6970        0.26248    
       2.6990        0.26297    
       2.7010        0.26347    
       2.7030        0.26399    
       2.7051        0.26452    
       2.7071        0.26508    
       2.7091        0.26564    
       2.7111        0.26623    
       2.7131        0.26683    
       2.7152        0.26745    
       2.7172        0.26808    
       2.7192        0.26873    
       2.7212        0.26940    
       2.7232        0.27008    
       2.7253        0.27078    
       2.7273        0.27150    
       2.7293        0.27223    
       2.7313        0.27299    
       2.7333        0.27376    
       2.7354        0.27454    
       2.7374        0.27535    
       2.7394        0.27617    
       2.7414        0.27700    
       2.7434        0.27786    
       2.7455        0.27873    
       2.7475        0.27962    
       2.7495        0.28053    
       2.7515        0.28146    
       2.7535        0.28240    
       2.7556        0.28337    
       2.7576        0.28435    
       2.7596        0.28534    
       2.7616        0.28636    
       2.7636        0.28739    
       2.7657        0.28845    
       2.7677        0.28952    
       2.7697        0.29061    
       2.7717        0.29172    
       2.7737        0.29284    
       2.7758        0.29399    
       2.7778        0.29515    
       2.7798        0.29634    
       2.7818        0.29754    
       2.7838        0.29876    
       2.7859        0.30000    
       2.7879        0.30126    
       2.7899        0.30253    
       2.7919        0.30383    
       2.7939        0.30515    
       2.7960        0.30648    
       2.7980        0.30784    
       2.8000        0.30921    
       2.8000        0.30921    
       2.8020        0.31061    
       2.8040        0.31202    
       2.8061        0.31345    
       2.8081        0.31491    
       2.8101        0.31638    
       2.8121        0.31787    
       2.8141        0.31939    
       2.8162        0.32092    
       2.8182        0.32247    
       2.8202        0.32405    
       2.8222        0.32564    
       2.8242        0.32726    
       2.8263        0.32889    
       2.8283        0.33055    
       2.8303        0.33222    
       2.8323        0.33392    
       2.8343        0.33563    
       2.8364        0.33737    
       2.8384        0.33913    
       2.8404        0.34091    
       2.8424        0.34271    
       2.8444        0.34453    
       2.8465        0.34638    
       2.8485        0.34824    
       2.8505        0.35013    
       2.8525        0.35203    
       2.8545        0.35396    
       2.8566        0.35591    
       2.8586        0.35788    
       2.8606        0.35987    
       2.8626        0.36189    
       2.8646        0.36392    
       2.8667        0.36598    
       2.8687        0.36806    
       2.8707        0.37017    
       2.8727        0.37229    
       2.8747        0.37444    
       2.8768        0.37660    
       2.8788        0.37880    
       2.8808        0.38101    
       2.8828        0.38324    
       2.8848        0.38550    
       2.8869        0.38778    
       2.8889        0.39009    
       2.8909        0.39241    
       2.8929        0.39476    
       2.8949        0.39713    
       2.8970        0.39953    
       2.8990        0.40195    
       2.9010        0.40439    
       2.9030        0.40685    
       2.9051        0.40934    
       2.9071        0.41185    
       2.9091        0.41438    
       2.9111        0.41694    
       2.9131        0.41952    
       2.9152        0.42213    
       2.9172        0.42475    
       2.9192        0.42741    
       2.9212        0.43008    
       2.9232        0.43278    
       2.9253        0.43550    
       2.9273        0.43825    
       2.9293        0.44102    
       2.9313        0.44382    
       2.9333        0.44664    
       2.9354        0.44948    
       2.9374        0.45235    
       2.9394        0.45524    
       2.9414        0.45816    
       2.9434        0.46110    
       2.9455        0.46407    
       2.9475        0.46706    
       2.9495        0.47008    
       2.9515        0.47312    
       2.9535        0.47618    
       2.9556        0.47928    
       2.9576        0.48239    
       2.9596        0.48553    
       2.9616        0.48870    
       2.9636        0.49189    
       2.9657        0.49511    
       2.9677        0.49835    
       2.9697        0.50162    
       2.9717        0.50491    
       2.9737        0.50823    
       2.9758        0.51158    
       2.9778        0.51495    
       2.9798        0.51834    
       2.9818        0.52177    
       2.9838        0.52522    
       2.9859        0.52869    
       2.9879        0.53219    
       2.9899        0.53572    
       2.9919        0.53927    
       2.9939        0.54285    
       2.9960        0.54646    
       2.9980        0.55009    
       3.0000        0.55375    
  
       3.0000        0.55375    
       3.0020        0.55051    
       3.0040        0.54730    
       3.0061        0.54412    
       3.0081        0.54097    
       3.0101        0.53786    
       3.0121        0.53477    
       3.0141        0.53172    
       3.0162        0.52870    
       3.0182        0.52572    
       3.0202        0.52276    
       3.0222        0.51984    
       3.0242        0.51694    
       3.0263        0.51408    
       3.0283        0.51125    
       3.0303        0.50845    
       3.0323        0.50568    
       3.0343        0.50294    
       3.0364        0.50023    
       3.0384        0.49755    
       3.0404        0.49490    
       3.0424        0.49228    
       3.0444        0.48970    
       3.0465        0.48714    
       3.0485        0.48461    
       3.0505        0.48211    
       3.0525        0.47964    
       3.0545        0.47720    
       3.0566        0.47478    
       3.0586        0.47240    
       3.0606        0.47005    
       3.0626        0.46772    
       3.0646        0.46542    
       3.0667        0.46316    
       3.0687        0.46092    
       3.0707        0.45870    
       3.0727        0.45652    
       3.0747        0.45436    
       3.0768        0.45224    
       3.0788        0.45014    
       3.0808        0.44806    
       3.0828        0.44602    
       3.0848        0.44400    
       3.0869        0.44201    
       3.0889        0.44004    
       3.0909        0.43811    
       3.0929        0.43620    
       3.0949        0.43431    
       3.0970        0.43246    
       3.0990        0.43062    
       3.1010        0.42882    
       3.1030        0.42704    
       3.1051        0.42529    
       3.1071        0.42356    
       3.1091        0.42186    
       3.1111        0.42019    
       3.1131        0.41854    
       3.1152        0.41691    
       3.1172        0.41531    
       3.1192        0.41374    
       3.1212        0.41219    
       3.1232        0.41066    
       3.1253        0.40916    
       3.1273        0.40769    
       3.1293        0.40624    
       3.1313        0.40481    
       3.1333        0.40341    
       3.1354        0.40203    
       3.1374        0.40068    
       3.1394        0.39935    
       3.1414        0.39804    
       3.1434        0.39676    
       3.1455        0.39550    
       3.1475        0.39426    
       3.1495        0.39304    
       3.1515        0.39185    
       3.1535        0.39069    
       3.1556        0.38954    
       3.1576        0.38842    
       3.1596        0.38732    
       3.1616        0.38624    
       3.1636        0.38519    
       3.1657        0.38415    
       3.1677        0.38314    
       3.1697        0.38215    
       3.1717        0.38118    
       3.1737        0.38024    
       3.1758        0.37931    
       3.1778        0.37841    
       3.1798        0.37752    
       3.1818        0.37666    
       3.1838        0.37582    
       3.1859        0.37500    
       3.1879        0.37420    
       3.1899        0.37342    
       3.1919        0.37267    
       3.1939        0.37193    
       3.1960        0.37121    
       3.1980        0.37051    
       3.2000        0.36983    
       3.2000        0.36983    
       3.2020        0.36918    
       3.2040        0.36854    
       3.2061        0.36792    
       3.2081        0.36732    
       3.2101        0.36674    
       3.2121        0.36618    
       3.2141        0.36563    
       3.2162        0.36511    
       3.2182        0.36461    
       3.2202        0.36412    
       3.2222        0.36365    
       3.2242        0.36320    
       3.2263        0.36277    
       3.2283        0.36236    
       3.2303        0.36196    
       3.2323        0.36158    
       3.2343        0.36122    
       3.2364        0.36088    
       3.2384        0.36055    
       3.2404        0.36025    
       3.2424        0.35996    
       3.2444        0.35968    
       3.2465        0.35943    
       3.2485        0.35918    
       3.2505        0.35896    
       3.2525        0.35875    
       3.2545        0.35856    
       3.2566        0.35839    
       3.2586        0.35823    
       3.2606        0.35809    
       3.2626        0.35796    
       3.2646        0.35785    
       3.2667        0.35776    
       3.2687        0.35768    
       3.2707        0.35761    
       3.2727        0.35756    
       3.2747        0.35753    
       3.2768        0.35751    
       3.2788        0.35750    
       3.2808        0.35751    
       3.2828        0.35754    
       3.2848        0.35758    
       3.2869        0.35763    
       3.2889        0.35770    
       3.2909        0.35778    
       3.2929        0.35787    
       3.2949        0.35798    
       3.2970        0.35811    
       3.2990        0.35824    
       3.3010        0.35839    
       3.3030        0.35855    
       3.3051        0.35873    
       3.3071        0.35892    
       3.3091        0.35912    
       3.3111        0.35933    
       3.3131        0.35956    
       3.3152        0.35980    
       3.3172        0.36005    
       3.3192        0.36032    
       3.3212        0.36059    
       3.3232        0.36088    
       3.3253        0.36118    
       3.3273        0.36149    
       3.3293        0.36181    
       3.3313        0.36215    
       3.3333        0.36249    
       3.3354        0.36285    
       3.3374        0.36322    
       3.3394        0.36360    
       3.3414        0.36399    
       3.3434        0.36439    
       3.3455        0.36480    
       3.3475        0.36522    
       3.3495        0.36565    
       3.3515        0.36609    
       3.3535        0.36654    
       3.3556        0.36700    
       3.3576        0.36747    
       3.3596        0.36795    
       3.3616        0.36844    
       3.3636        0.36894    
       3.3657        0.36945    
       3.3677        0.36997    
       3.3697        0.37050    
       3.3717        0.37103    
       3.3737        0.37158    
       3.3758        0.37213    
       3.3778        0.37269    
       3.3798        0.37326    
       3.3818        0.37384    
       3.3838        0.37442    
       3.3859        0.37501    
       3.3879        0.37561    
       3.3899        0.37622    
       3.3919        0.37684    
       3.3939        0.37746    
       3.3960        0.37809    
       3.3980        0.37873    
       3.4000        0.37938    
       3.4000        0.37938    
       3.4020        0.38003    
       3.4040        0.38069    
       3.4061        0.38135    
       3.4081        0.38202    
       3.4101        0.38270    
       3.4121        0.38339    
       3.4141        0.38408    
       3.4162        0.38477    
       3.4182        0.38547    
       3.4202        0.38618    
       3.4222        0.38689    
       3.4242        0.38761    
       3.4263        0.38834    
       3.4283        0.38907    
       3.4303        0.38980    
       3.4323        0.39054    
       3.4343        0.39128    
       3.4364        0.39203    
       3.4384        0.39278    
       3.4404        0.39354    
       3.4424        0.39430    
       3.4444        0.39507    
       3.4465        0.39584    
       3.4485        0.39661    
       3.4505        0.39739    
       3.4525        0.39817    
       3.4545        0.39895    
       3.4566        0.39974    
       3.4586        0.40053    
       3.4606        0.40133    
       3.4626        0.40212    
       3.4646        0.40292    
       3.4667        0.40372    
       3.4687        0.40453    
       3.4707        0.40534    
       3.4727        0.40615    
       3.4747        0.40696    
       3.4768        0.40777    
       3.4788        0.40859    
       3.4808        0.40941    
       3.4828        0.41023    
       3.4848        0.41105    
       3.4869        0.41187    
       3.4889        0.41269    
       3.4909        0.41352    
       3.4929        0.41434    
       3.4949        0.41517    
       3.4970        0.41600    
       3.4990        0.41682    
       3.5010        0.41765    
       3.5030        0.41848    
       3.5051        0.41931    
       3.5071        0.42014    
       3.5091        0.42097    
       3.5111        0.42180    
       3.5131        0.42262    
       3.5152        0.42345    
       3.5172        0.42428    
       3.5192        0.42511    
       3.5212        0.42593    
       3.5232        0.42676    
       3.5253        0.42758    
       3.5273        0.42840    
       3.5293        0.42923    
       3.5313        0.43004    
       3.5333        0.43086    
       3.5354        0.43168    
       3.5374        0.43249    
       3.5394        0.43331    
       3.5414        0.43412    
       3.5434        0.43493    
       3.5455        0.43573    
       3.5475        0.43654    
       3.5495        0.43734    
       3.5515        0.43813    
       3.5535        0.43893    
       3.5556        0.43972    
       3.5576        0.44051    
       3.5596        0.44130    
       3.5616        0.44208    
       3.5636        0.44286    
       3.5657        0.44363    
       3.5677        0.44440    
       3.5697        0.44517    
       3.5717        0.44593    
       3.5737        0.44669    
       3.5758        0.44745    
       3.5778        0.44820    
       3.5798        0.44894    
       3.5818        0.44968    
       3.5838        0.45042    
       3.5859        0.45115    
       3.5879        0.45188    
       3.5899        0.45260    
       3.5919        0.45331    
       3.5939        0.45402    
       3.5960        0.45472    
       3.5980        0.45542    
       3.6000        0.45612    
       3.6000        0.45612    
       3.6020        0.45680    
       3.6040        0.45748    
       3.6061        0.45816    
       3.6081        0.45882    
       3.6101        0.45948    
       3.6121        0.46014    
       3.6141        0.46079    
       3.6162        0.46143    
       3.6182        0.46206    
       3.6202        0.46269    
       3.6222        0.46331    
       3.6242        0.46392    
       3.6263        0.46452    
       3.6283        0.46512    
       3.6303        0.46571    
       3.6323        0.46629    
       3.6343        0.46686    
       3.6364        0.46742    
       3.6384        0.46798    
       3.6404        0.46853    
       3.6424        0.46906    
       3.6444        0.46959    
       3.6465        0.47011    
       3.6485        0.47063    
       3.6505        0.47113    
       3.6525        0.47162    
       3.6545        0.47211    
       3.6566        0.47258    
       3.6586        0.47305    
       3.6606        0.47350    
       3.6626        0.47395    
       3.6646        0.47438    
       3.6667        0.47481    
       3.6687        0.47522    
       3.6707        0.47562    
       3.6727        0.47602    
       3.6747        0.47640    
       3.6768        0.47677    
       3.6788        0.47713    
       3.6808        0.47748    
       3.6828        0.47782    
       3.6848        0.47815    
       3.6869        0.47846    
       3.6889        0.47877    
       3.6909        0.47906    
       3.6929        0.47934    
       3.6949        0.47961    
       3.6970        0.47987    
       3.6990        0.48011    
       3.7010        0.48034    
       3.7030        0.48056    
       3.7051        0.48077    
       3.7071        0.48096    
       3.7091        0.48114    
       3.7111        0.48131    
       3.7131        0.48147    
       3.7152        0.48161    
       3.7172        0.48173    
       3.7192        0.48185    
       3.7212        0.48195    
       3.7232        0.48204    
       3.7253        0.48211    
       3.7273        0.48217    
       3.7293        0.48221    
       3.7313        0.48224    
       3.7333        0.48226    
       3.7354        0.48226    
       3.7374        0.48224    
       3.7394        0.48222    
       3.7414        0.48217    
       3.7434        0.48211    
       3.7455        0.48204    
       3.7475        0.48195    
       3.7495        0.48184    
       3.7515        0.48172    
       3.7535        0.48159    
       3.7556        0.48143    
       3.7576        0.48127    
       3.7596        0.48108    
       3.7616        0.48088    
       3.7636        0.48066    
       3.7657        0.48043    
       3.7677        0.48018    
       3.7697        0.47991    
       3.7717        0.47963    
       3.7737        0.47933    
       3.7758        0.47901    
       3.7778        0.47867    
       3.7798        0.47832    
       3.7818        0.47795    
       3.7838        0.47756    
       3.7859        0.47715    
       3.7879        0.47673    
       3.7899        0.47628    
       3.7919        0.47582    
       3.7939        0.47534    
       3.7960        0.47485    
       3.7980        0.47433    
       3.8000        0.47379    
       3.8000        0.47379    
       3.8020        0.47324    
       3.8040        0.47267    
       3.8061        0.47207    
       3.8081        0.47146    
       3.8101        0.47083    
       3.8121        0.47018    
       3.8141        0.46951    
       3.8162        0.46882    
       3.8182        0.46811    
       3.8202        0.46738    
       3.8222        0.46663    
       3.8242        0.46586    
       3.8263        0.46506    
       3.8283        0.46425    
       3.8303        0.46342    
       3.8323        0.46257    
       3.8343        0.46169    
       3.8364        0.46080    
       3.8384        0.45988    
       3.8404        0.45894    
       3.8424        0.45798    
       3.8444        0.45700    
       3.8465        0.45600    
       3.8485        0.45497    
       3.8505        0.45392    
       3.8525        0.45286    
       3.8545        0.45176    
       3.8566        0.45065    
       3.8586        0.44951    
       3.8606        0.44835    
       3.8626        0.44717    
       3.8646        0.44597    
       3.8667        0.44474    
       3.8687        0.44349    
       3.8707        0.44221    
       3.8727        0.44091    
       3.8747        0.43959    
       3.8768        0.43825    
       3.8788        0.43688    
       3.8808        0.43548    
       3.8828        0.43407    
       3.8848        0.43263    
       3.8869        0.43116    
       3.8889        0.42967    
       3.8909        0.42815    
       3.8929        0.42661    
       3.8949        0.42505    
       3.8970        0.42346    
       3.8990        0.42184    
       3.9010        0.42020    
       3.9030        0.41854    
       3.9051        0.41685    
       3.9071        0.41513    
       3.9091        0.41339    
       3.9111        0.41162    
       3.9131        0.40982    
       3.9152        0.40800    
       3.9172        0.40616    
       3.9192        0.40428    
       3.9212        0.40238    
       3.9232        0.40046    
       3.9253        0.39850    
       3.9273        0.39652    
       3.9293        0.39451    
       3.9313        0.39248    
       3.9333        0.39042    
       3.9354        0.38833    
       3.9374        0.38621    
       3.9394        0.38406    
       3.9414        0.38189    
       3.9434        0.37969    
       3.9455        0.37746    
       3.9475        0.37520    
       3.9495        0.37292    
       3.9515        0.37060    
       3.9535        0.36826    
       3.9556        0.36589    
       3.9576        0.36348    
       3.9596        0.36105    
       3.9616        0.35859    
       3.9636        0.35611    
       3.9657        0.35359    
       3.9677        0.35104    
       3.9697        0.34846    
       3.9717        0.34586    
       3.9737        0.34322    
       3.9758        0.34055    
       3.9778        0.33785    
       3.9798        0.33513    
       3.9818        0.33237    
       3.9838        0.32958    
       3.9859        0.32676    
       3.9879        0.32391    
       3.9899        0.32103    
       3.9919        0.31811    
       3.9939        0.31517    
       3.9960        0.31220    
       3.9980        0.30919    
       4.0000        0.30615    
  
